-190.183, -63.9261, 377
-133.393, 42.2609, 360
-93.1339, 57.9913, 342
-63.4464, 44.9391, 323
-21.0937, 8.21739, 315
-88.0446, -57.1652, 346

-190.183, -63.9261, 377
-134.625, 39.0217, 359
-98.9509, 54.8565, 341
-65.0893, 43.6696, 324
-22.5714, 6.86957, 316
-90.625, -54.7826, 350

-183.214, -66.087, 380
-135, 39.1304, 360
-97.1429, 53.2174, 340
-64.8884, 40.7261, 323
-22.6429, 5.51304, 317
-86.25, -58.5, 345

-186.116, -64.2652, 379
-138.125, 36.4, 364
-94.3839, 54.8565, 341
-66.7411, 40.9783, 325
-24.2098, 5.54783, 319
-88.808, -56.1435, 349

-189.295, -66.4348, 382
-136.987, 40.8087, 361
-98, 55.1783, 343
-66.5357, 40.8522, 324
-24.2098, 5.54783, 319
-91.9241, -56.1435, 349

-194.723, -65.4522, 386
-135, 36, 360
-99.2411, 53.5304, 342
-66.3304, 42.1304, 323
-25.4732, 5.51304, 317
-94.5536, -59.8565, 353

-189.295, -66.4348, 382
-137.366, 36.2, 362
-99.8214, 55.3391, 344
-67.9821, 42.2609, 324
-25.3929, 6.86957, 316
-93.75, -54.7826, 350

-189.295, -66.4348, 382
-139.75, 39.5652, 364
-99.2411, 53.5304, 342
-64.8884, 43.5348, 323
-25.3929, 9.61739, 316
-87.7902, -52.5, 345

-188.08, -64.9435, 383
-137.366, 36.2, 362
-97.7143, 53.5304, 342
-65.692, 42.6522, 327
-24.2098, 5.54783, 319
-92.7143, -55.0957, 352

-189.79, -63.2783, 383
-135, 39.1304, 360
-98.2857, 55.3391, 344
-66.9464, 43.9391, 326
-24.1339, 9.67826, 318
-92.1875, -53.2609, 350

-191, -63.113, 382
-135.375, 42.3783, 361
-99.2411, 55.0174, 342
-66.9464, 43.9391, 326
-25.5536, 8.29565, 318
-90.1071, -55.9826, 348

-189.79, -64.9435, 383
-135.375, 42.3783, 361
-95.7678, 55.6609, 346
-64.2321, 45.4956, 327
-24.2857, 6.95652, 320
-88.2991, -55.8217, 347

-189.79, -64.9435, 383
-135.375, 42.3783, 361
-95.2143, 56.8348, 344
-62.5804, 43.9391, 326
-21.2946, 8.29565, 318
-87.25, -51.5913, 349

-207.411, -72.0174, 404
-137.746, 41.0348, 363
-99.4286, 57.4956, 348
-64.0357, 43.9391, 326
-26.8036, 9.61739, 316
-85.2009, -51.2957, 347

-180.804, -48.913, 375
-129.723, 2.90435, 334
-119.893, 6.48696, 373
-106.25, -38.0435, 350
-80.7857, -46.9043, 348
-102.964, -66.313, 372

-129.607, -28.2348, 382
3.2001e+007, 3.2001e+007, 3.2001e+007
3.2001e+007, 3.2001e+007, 3.2001e+007
3.2001e+007, 3.2001e+007, 3.2001e+007
3.2001e+007, 3.2001e+007, 3.2001e+007
-91.5848, -69.7348, 373

-135.446, -19.3043, 370
3.2001e+007, 3.2001e+007, 3.2001e+007
3.2001e+007, 3.2001e+007, 3.2001e+007
3.2001e+007, 3.2001e+007, 3.2001e+007
3.2001e+007, 3.2001e+007, 3.2001e+007
-95, -66.087, 380

-185.884, -63.113, 382
-147.469, 41.0348, 363
-99.8214, 59.8261, 344
-77.3839, 48.8478, 321
-47.1429, 22.9565, 330
-96.6652, -46.2739, 367

-185.33, -71.5478, 374
-135.987, 41.487, 367
-90.5893, 61.913, 356
-57.1696, 49.8174, 337
-19.0357, 11.4087, 328
-91, -49.0609, 364

-185.826, -70.1087, 375
-137.772, 41.413, 381
-92.4375, 58.9826, 357
-57.1696, 48.3522, 337
-19.1518, 12.913, 330
-88.3929, -48.5217, 360

-185.33, -71.5478, 374
-137.643, 42.5043, 376
-96.6964, 61.213, 361
-58.5, 49.6696, 336
-17.625, 11.4435, 329
-89.5, -49.8087, 358

-183.661, -74.8, 374
-137.469, 40.3261, 371
-95.3571, 58.8174, 356
-58.9286, 47.3478, 330
-18.9777, 12.7957, 327
-85.8214, -51.0783, 356

-185.33, -73.1739, 374
-136.875, 36.5, 365
-94.5536, 58.3217, 353
-60.0357, 44.2087, 328
-17.3571, 8.45217, 324
-86.6741, -49.113, 353

-184.835, -72.9783, 373
-141.161, 37.2, 372
-96.1295, 59.8565, 353
-59.4866, 45.2174, 325
-18.7455, 9.83043, 323
-81.0179, -50.0739, 349

-184.835, -72.9783, 373
-138, 40, 368
-95.5848, 56.4652, 351
-58.2143, 43.9391, 326
-18.6875, 9.8, 322
-84.375, -48.6956, 350

-184.835, -72.9783, 373
-138, 41.6, 368
-92.9464, 57.3304, 347
-59.1205, 44.9391, 323
-18.6875, 9.8, 322
-83.8929, -48.4174, 348

-181.018, -69.5478, 372
-136.875, 36.5, 365
-95.0402, 56.1435, 349
-60.75, 45.0783, 324
-18.6875, 9.8, 322
-82.3393, -48.4174, 348

-183.348, -69.1739, 370
-137.25, 39.7826, 366
-96.0446, 57.3304, 347
-59.6696, 46.7739, 326
-20.0625, 11.1652, 321
-85.4464, -45.3913, 348

-180.531, -69.3609, 371
-138.884, 39.7826, 366
-96.3214, 57.4956, 348
-63.8393, 45.2174, 325
-21.4286, 11.1304, 320
-87.25, -48.5565, 349

-182.679, -69.5478, 372
-137.625, 41.487, 367
-99.7143, 59.1783, 349
-62.3884, 46.6304, 325
-23, 12.6, 322
-85.2009, -48.2783, 347

-180.531, -69.3609, 371
-140.402, 37, 370
-98.8571, 55.6609, 346
-60.75, 45.0783, 324
-22.8571, 11.1304, 320
-85.4464, -45.3913, 348

-181.991, -68.2957, 374
-137.625, 36.7, 367
-95.0402, 57.6609, 349
-62.7723, 45.4956, 327
-21.4286, 9.73913, 320
-81.25, -47.1739, 350

-182.478, -70.1087, 375
-141.286, 35.2, 368
-96.3214, 59.0087, 348
-59.3036, 45.0783, 324
-22.9286, 11.1652, 321
-84.375, -47.1739, 350

-181.991, -68.2957, 374
-140.518, 36.6, 366
-99.1429, 55.8217, 347
-62.9643, 44.2087, 328
-24.2098, 9.7087, 319
-86.4286, -48.9739, 352

-186.817, -67.2043, 377
-141.286, 40, 368
-101.853, 57.9913, 351
-64.4286, 47.0609, 328
-25.7946, 12.5609, 321
-92.6964, -51.3652, 358

-180.531, -66.1348, 371
-141.67, 40.1087, 369
-101.563, 57.8261, 350
-65.0179, 46.0522, 331
-24.4375, 12.6, 322
-86.9196, -49.2522, 354

-182.964, -68.6609, 376
-143.705, 37, 370
-99.4286, 55.9826, 348
-65.0179, 46.0522, 331
-26.0357, 12.6783, 324
-89, -49.5304, 356

-186.116, -65.913, 379
-145.75, 37.1, 371
-103.42, 56.4652, 351
-66.2946, 47.3478, 330
-26.1161, 12.7174, 325
-81.25, -48.6956, 350

-184.424, -65.913, 379
-143.705, 35.3913, 370
-104.009, 55.2522, 353
-66.2946, 44.4783, 330
-27.3125, 12.6, 322
-83.7589, -46.1739, 354

-184.911, -64.4348, 380
-144.482, 35.5826, 372
-104.009, 55.2522, 353
-68.3839, 44.8826, 333
-27.567, 15.5435, 325
-85.3393, -47.713, 354

-189.554, -60.4174, 386
-143.705, 40.2174, 370
-105.884, 58.487, 354
-70.0804, 47.9217, 334
-29.1964, 15.6391, 327
-85.8214, -49.5304, 356

-187.554, -59.1956, 389
-144.871, 40.5435, 373
-106.183, 58.6522, 355
-71.7857, 46.6087, 335
-33.8839, 18.6522, 330
-87.4107, -47.9826, 356

-186.295, -57.6522, 390
-146.036, 40.8696, 376
-107.679, 57.913, 360
-73.9375, 47.0261, 338
-35.5714, 17.3217, 332
-88.1473, -49.9478, 359

-182.344, -55.813, 389
-146.812, 36.1565, 378
-109.286, 56.3478, 360
-74.375, 47.3043, 340
-36.1071, 19.0478, 337
-90, -46.9565, 360

-182.464, -52.9696, 393
-143.973, 35.8696, 375
-108.576, 58.3957, 363
-74.8125, 47.5826, 342
-39.4643, 17.7391, 340
-87.0268, -50.2261, 361

-180.321, -48.2087, 396
-144.741, 40.9783, 377
-108.277, 55.087, 362
-77.2321, 46.6348, 346
-43.125, 16.5, 345
-88.6384, -47.087, 361

-175, -46.0174, 392
-143.817, 37.9, 379
-110.804, 57.1304, 365
-77.4554, 46.7696, 347
-39.4643, 20.6957, 340
-94.7679, -42.9652, 366

-171.482, -42.1739, 388
-142.679, 40.8696, 376
-106.955, 56.8174, 363
-75.25, 49.3565, 344
-41.3437, 20.8783, 343
-87.0268, -47.087, 361

-168.857, -37.687, 394
-141.75, 41.087, 378
-106.661, 59.8087, 362
-74.3571, 48.2783, 347
-38.1696, 19.3304, 342
-87.0268, -50.2261, 361

-161.92, -37.3043, 390
-142.875, 43.0696, 381
-106.955, 56.8174, 363
-75, 47.1739, 350
-38.8393, 19.6696, 348
-85.6518, -48.7913, 362

-159.25, -32.3826, 392
-139.321, 37.6, 376
-106.955, 56.8174, 363
-77.4375, 44.6348, 354
-42.1875, 18.2609, 350
-80.8036, -44.0696, 362

-152.174, -29.9739, 383
-133.929, 42.3913, 375
-106.205, 55.6956, 366
-81.2812, 48.1174, 357
-44.75, 18.6783, 358
-89.6205, -42.8478, 365

-151.473, -30.5217, 390
-132.254, 45.6522, 375
-106.955, 56.8174, 363
-81.7366, 48.387, 359
-47.9464, 18.6783, 358
-79.1875, -45.6435, 362

-152.174, -28.3087, 383
-133.571, 43.9043, 374
-108.429, 56, 368
-82.192, 50.2261, 361
-51.8571, 22.0957, 363
-82.192, -47.087, 361

-149.286, -28.087, 380
-132.96, 42.6174, 377
-108.134, 55.8478, 367
-81.7366, 48.387, 359
-51.8571, 20.5174, 363
-80.8036, -42.4956, 362

-148.5, -27.9391, 378
-132.254, 42.3913, 375
-113.357, 56, 368
-81.0268, 45.7696, 363
-46.4777, 15.6087, 359
-79.1875, -39.3478, 362

-141, -27.7913, 376
-131.549, 42.1652, 373
-110.804, 53.9565, 365
-83.5714, 46.9565, 360
-51.7143, 17.313, 362
-80.3571, -43.8261, 360

-142.299, -27.7174, 375
-127.531, 43.5522, 371
-106.955, 53.6609, 363
-86.125, 47.4783, 364
-53.3304, 17.313, 362
-81.7366, -45.2652, 359

-140.25, -24.3913, 374
-125.558, 47.2826, 375
-105.045, 53.513, 362
-86.125, 45.8956, 364
-58.8214, 17.5043, 366
-79.1875, -48.7913, 362

-139.125, -27.4217, 371
-125.196, 44.9217, 369
-106.955, 50.5043, 363
-87.2679, 44.0696, 362
-60.6205, 19.1478, 367
-75.3259, -42.1435, 359

-135.812, -29.0348, 371
-124.179, 42.9652, 366
-106.661, 53.513, 362
-87.9911, 46.0217, 365
-61.2411, 17.2652, 361
-83.3393, -46.8261, 359

-137.469, -27.4217, 371
-124.179, 44.5565, 366
-107.08, 51.3652, 358
-89.1295, 45.7696, 363
-62.3304, 18.6783, 358
-78.9687, -45.5174, 361

-136.357, -28.8, 368
-122.879, 43.0826, 367
-106.071, 53.2174, 360
-89.1295, 47.3478, 363
-63.75, 17.0739, 357
-85.6518, -42.4956, 362

-136.357, -28.8, 368
-123.5, 41.1478, 364
-106.071, 54.7826, 360
-90.25, 47.087, 361
-61.808, 13.8913, 355
-81.7366, -46.8261, 359

-136.357, -30.4, 368
-121.54, 42.613, 363
-107.379, 54.6304, 359
-90, 45.3913, 360
-65.5268, 15.5652, 358
-84.0357, -40.9217, 362

-140.902, -25.5304, 367
-120.536, 45.3913, 360
-108.982, 53.0696, 359
-90, 43.8261, 360
-65.3438, 15.5217, 357
-85.4152, -40.8087, 361

-135.987, -28.7217, 367
-122.821, 40.9217, 362
-106.482, 51.0783, 356
-89.75, 40.5826, 359
-65.3438, 13.9696, 357
-83.5714, -40.6957, 360

-135.08, -27.2739, 369
-119.866, 40.4696, 358
-106.482, 51.0783, 356
-88.1473, 45.2652, 359
-66.5625, 16.9783, 355
-85.6518, -42.4956, 362

-134.714, -27.2, 368
-122.821, 42.4956, 362
-106.183, 52.4783, 355
-89.25, 41.9087, 357
-64.7946, 12.313, 354
-83.5714, -34.4348, 360

-138.125, -28.487, 364
-121.464, 40.4696, 358
-106.183, 49.3913, 355
-87.6563, 41.9087, 357
-64.2455, 13.7348, 351
-85.8884, -36.3, 363

-138, -27.2, 368
-120.201, 42.1435, 359
-106.183, 52.4783, 355
-88.25, 46.0435, 353
-64.0625, 16.7391, 350
-89.1295, -45.7696, 363

-135.246, -30.1522, 365
-119.196, 43.3391, 356
-107.768, 54.0217, 355
-86.3036, 45.1391, 358
-65.8125, 16.787, 351
-89.375, -42.7304, 364

-139.263, -25.5304, 367
-121.464, 43.5826, 358
-105.884, 53.8696, 354
-89, 41.7913, 356
-63.8795, 15.1739, 349
-87.2679, -44.0696, 362

-139.263, -27.1261, 367
-120.786, 43.3391, 356
-107.161, 53.7174, 353
-90.0804, 43.0957, 354
-65.4375, 16.6913, 349
-85.6518, -36.2, 362

-139.263, -27.1261, 367
-120.107, 44.6348, 354
-106.482, 57.2696, 356
-88.75, 44.7609, 355
-67.3795, 15.2609, 351
-85.8884, -41.0348, 363

-145.75, -29.0348, 371
-134.286, 42.5043, 376
-109.661, 52.6261, 356
-87.1652, 44.7609, 355
-61.9643, 18.1043, 347
-90.75, -41.0348, 363

-149.062, -30.6478, 371
-142.875, 41.413, 381
-113.79, 51.5087, 359
-84.7054, 46.6957, 358
-53.8839, 20.0652, 355
-85.6518, -47.2174, 362

-149.393, -37.6, 376
-133.25, 36.4, 364
-114.107, 54.7826, 360
-80.1429, 47.4435, 352
-50.1429, 19.8391, 351
-83.8036, -48.6565, 361

-150.67, -35.8696, 375
-137.098, 41.8261, 370
-114.107, 54.7826, 360
-78.7946, 47.5783, 353
-49.8571, 19.7261, 349
-85.8884, -48.9261, 363

-150.67, -40.7609, 375
-137.469, 40.3261, 371
-116.679, 55.2391, 363
-83.3393, 48.387, 359
-47.0089, 18.313, 351
-82.4196, -50.3652, 362

-152.375, -41.9391, 371
-136.728, 36.9, 369
-114.107, 53.2174, 360
-77.4375, 47.713, 354
-45.5714, 18.3652, 352
-87.5089, -47.3478, 363

-149.906, -46.5261, 369
-137.625, 33.5087, 367
-114.107, 53.2174, 360
-78.7946, 46.0435, 353
-41.0893, 20.0087, 354
-83.5714, -46.9565, 360

-167.562, -44.9609, 383
-138.504, 36.5, 365
-112.5, 51.6522, 360
-76.0714, 47.8478, 355
-38.0357, 21.6087, 355
-85.6518, -48.7913, 362

-167.562, -49.9565, 383
-138.75, 35.3913, 370
-112.5, 53.2174, 360
-77.2187, 47.5783, 353
-34.7679, 16.9304, 354
-78.9687, -47.087, 361

-171.482, -52.2957, 388
-137.098, 40.2174, 370
-110.277, 54.4783, 358
-74.9063, 48.1174, 357
-32.6786, 19.0957, 366
-87.2679, -47.2174, 362

-169.643, -52.8696, 380
-138.75, 40.2174, 370
-109.286, 54.7826, 360
-71.5179, 47.9826, 356
-30.6205, 17.2652, 361
-82.4196, -48.7913, 362

-172.692, -56.6174, 383
-137.098, 37, 370
-107.679, 54.7826, 360
-72.1205, 49.9478, 359
-27.3214, 17.2174, 360
-80.5804, -50.2261, 361

-174.857, -56.7652, 384
-138.75, 40.2174, 370
-107.379, 56.1913, 359
-68.3393, 49.5304, 356
-22.5, 17.2174, 360
-78.9687, -50.2261, 361

-176.571, -56.7652, 384
-138.375, 41.713, 369
-104.754, 56.5043, 361
-66, 47.4435, 352
-20.7768, 12.4522, 358
-80.5804, -50.2261, 361

-176.571, -58.4348, 384
-138, 40, 368
-104.464, 56.3478, 360
-66.5625, 49.3913, 355
-17.6786, 10.9565, 360
-82.875, -55.3913, 364

-180.71, -64.9304, 393
-137.625, 41.487, 367
-105.335, 59.9739, 363
-64.7946, 50.7913, 354
-17.5312, 10.8652, 357
-78.5313, -51.5087, 359

-180.607, -64.2696, 389
-138.375, 36.9, 369
-103.143, 56.5043, 361
-63.0357, 49.113, 353
-18.8036, 12.2087, 351
-79.9107, -52.9217, 358

-175.652, -61.4522, 382
-135.616, 36.6, 366
-105.045, 58.2348, 362
-63.5714, 47.9826, 356
-17.2366, 12.2087, 351
-84.2679, -50.5043, 363

-179.33, -67.8261, 390
-139.263, 36.7, 367
-106.661, 53.513, 362
-67.5714, 48.9739, 352
-18.8571, 10.713, 352
-82.192, -53.3652, 361

-180.937, -65.4522, 386
-140.022, 35.2957, 369
-107.679, 56.3478, 360
-67.5714, 47.4435, 352
-17.2366, 12.2087, 351
-82.192, -50.2261, 361

-180, -70.1217, 384
-142.152, 39.7826, 366
-107.379, 56.1913, 359
-67.3795, 48.8348, 351
-18.8036, 12.2087, 351
-82.6473, -55.2391, 363

-186.107, -72.1652, 386
-146.536, 37.3, 373
-108.679, 56.0348, 358
-67.5714, 47.4435, 352
-20.3125, 12.1739, 350
-87.0268, -58.0739, 361

-185.625, -73.6522, 385
-142.929, 36.8, 368
-108.375, 55.8783, 357
-71.317, 46.3043, 355
-20.3125, 12.1739, 350
-83.1071, -52.9217, 358

-185.143, -71.7913, 384
-147.009, 35.3913, 370
-107.679, 59.4783, 360
-67.3795, 48.8348, 351
-17.1875, 12.1739, 350
-83.3393, -51.5087, 359

-188.08, -71.6043, 383
-143.786, 39.7826, 366
-108.071, 55.7217, 356
-66, 50.5043, 352
-15.5804, 13.6565, 349
-84.942, -48.387, 359

-182.732, -70.8565, 379
-141.763, 34.913, 365
-102, 57.4304, 357
-64.0625, 47.1739, 350
-17.0402, 10.5609, 347
-77.6562, -50.9348, 355

-184.424, -70.8565, 379
-144.179, 36.7, 367
-105.187, 58.9826, 357
-65.4375, 48.5565, 349
-15.4464, 10.5304, 346
-82.875, -52.7739, 357

-180.085, -70.4826, 377
-142.929, 36.8, 368
-104.893, 57.2696, 356
-65.0625, 48.2783, 347
-15.3571, 10.4696, 344
-79.2411, -47.8478, 355

-183.937, -73.9565, 378
-144.179, 36.7, 367
-104.598, 55.5652, 355
-65.0625, 43.7522, 347
-15.2679, 10.4087, 342
-79.0179, -49.2522, 354

-185.134, -70.4826, 377
-143, 39.5652, 364
-104.893, 57.2696, 356
-63.1473, 49.5, 345
-15.2679, 13.3826, 342
-82.6429, -52.6261, 356

-183.937, -73.9565, 378
-140.987, 34.7217, 363
-104.304, 55.4087, 354
-66.6116, 45.2609, 347
-15.2232, 10.3783, 341
-86.5446, -54.6304, 359

-182.964, -71.9304, 376
-140.598, 34.6261, 362
-108.375, 54.3261, 357
-68.5536, 47.0391, 349
-16.6964, 10.3478, 340
-76.0714, -52.4783, 355

-180.085, -72.1217, 377
-140.598, 34.6261, 362
-104.009, 55.2522, 353
-64.6875, 46.5, 345
-15.2232, 10.3783, 341
-84.942, -51.5087, 359

-179.607, -70.2957, 376
-143, 36.4, 364
-105.286, 55.0957, 352
-64.6875, 46.5, 345
-15.1786, 10.3478, 340
-85.1786, -56.3478, 360

-182.964, -71.9304, 376
-142.214, 36.2, 362
-102.143, 55.0957, 352
-66.2277, 49.5, 345
-16.5982, 10.287, 338
-79.9107, -54.4783, 358

-177.455, -70.1087, 375
-143, 33.2348, 364
-105.286, 55.0957, 352
-66.0357, 47.8609, 344
-16.5982, 11.7565, 338
-77, -48.9739, 352

-181.504, -69.7348, 373
-143, 33.2348, 364
-107.768, 54.0217, 355
-64.5, 47.8609, 344
-16.5491, 14.6522, 337
-78.5714, -47.4435, 352

-178.174, -69.7348, 373
-142.607, 33.1435, 363
-105.286, 52.0348, 352
-62.9643, 47.8609, 344
-18.1071, 11.7565, 338
-80.8259, -49.3913, 355

-173.438, -64.3478, 370
-140.21, 34.5304, 361
-103.714, 53.5652, 352
-67.7679, 45, 345
-21.0625, 11.7217, 337
-84.4688, -54.3261, 357

-173.179, -56.7609, 373
-139.366, 39.4565, 363
-106.554, 54.9391, 351
-77.2187, 46.0435, 353
-25.5, 16.0696, 336
-82.1786, -50.7913, 354

-171.321, -52.9435, 369
-139.821, 39.1304, 360
-110.625, 52.3304, 354
-78.5491, 46.5, 345
-35.2187, 17.8957, 343
-80.3705, -49.113, 353

-162.946, -52.3696, 365
-137.83, 34.3391, 359
-110.312, 52.1826, 353
-82.6875, 44.7391, 343
-39.3482, 17.687, 339
-78.3482, -45.7826, 351

-164.839, -47.2174, 362
-137.062, 38.8043, 357
-110, 52.0348, 352
-84.75, 45.6913, 339
-44.9241, 18.1043, 347
-79.6875, -47.1739, 350

-164.125, -45.8956, 364
-136.679, 35.6, 356
-110, 53.5652, 352
-83.7277, 45.9609, 341
-50.8259, 18, 345
-81.9464, -47.5783, 353

-155.46, -43.7043, 359
-133.875, 40.3565, 357
-109.688, 53.413, 351
-85.7545, 46.887, 337
-50.9732, 18.0522, 346
-79.6875, -47.1739, 350

-162.321, -40.6957, 360
-135.469, 41.9087, 357
-111.888, 53.7174, 353
-84.9911, 45.0174, 334
-53.5937, 16.4043, 343
-81.7143, -42.8522, 352

-152.75, -36.4, 364
-134.25, 42.0261, 358
-113.411, 49.9304, 348
-86.5179, 42.8696, 340
-57.9777, 16.787, 351
-80.1429, -44.3826, 352

-150.295, -36.2, 362
-130.321, 35.6, 356
-111.571, 50.5043, 352
-90.3438, 41.7565, 343
-60.4152, 15.087, 347
-83.9955, -52.4783, 355

-145.844, -40.5826, 359
-127.857, 38.913, 358
-114.714, 47.4435, 352
-90.6072, 43.3739, 344
-61.9643, 15.087, 347
-81.9464, -47.5783, 353

-146.25, -36, 360
-129.455, 35.8, 358
-112.179, 50.0739, 349
-92.4107, 43.5, 345
-59.7188, 16.4043, 343
-83.7589, -47.713, 354

-144.643, -31.3043, 360
-128.009, 38.4783, 354
-112.179, 48.5565, 349
-92.6786, 42.1217, 346
-66.6116, 15.087, 347
-88.75, -47.8478, 355

-144.964, -27.2739, 369
-128.009, 38.4783, 354
-114.388, 50.3609, 351
-93.9509, 42, 345
-66.9955, 13.6565, 349
-82.1786, -49.2522, 354

-142.607, -31.5652, 363
-127.857, 32.687, 358
-114.388, 48.8348, 351
-95.0402, 40.9696, 349
-68.3571, 12.1043, 348
-81.5089, -43.5826, 358

-141.763, -28.5652, 365
-128.214, 34.3391, 359
-113.737, 53.1087, 349
-96.3214, 45.3913, 348
-66.6116, 16.5957, 347
-82.6429, -41.7913, 356

-141.763, -28.5652, 365
-126.786, 40.1304, 355
-112.179, 53.1087, 349
-94.2232, 45.1304, 346
-69.308, 15, 345
-82.4107, -30.8696, 355

-138.884, -28.6435, 366
-125.554, 40.2435, 356
-112.179, 51.5913, 349
-93.9509, 43.5, 345
-69.308, 15, 345
-88.6384, -36.1, 361

-144.179, -28.7217, 367
-123.964, 38.6957, 356
-114.107, 49.3913, 355
-93.9509, 43.5, 345
-71.0536, 15.0435, 346
-88.6384, -39.2391, 361

-140.518, -30.2348, 366
-124.313, 40.3565, 357
-111.571, 52.0348, 352
-94.7679, 46.9043, 348
-71.4643, 13.6174, 348
-89.75, -48.387, 359

-140.134, -28.5652, 365
-124.661, 40.4696, 358
-112.205, 50.7913, 354
-94.4955, 42.2435, 347
-68.1607, 13.5783, 347
-95.6116, -41.0348, 363

-143.393, -28.5652, 365
-127.143, 35.6, 356
-114.388, 51.887, 351
-96.3214, 45.3913, 348
-70.8482, 13.5, 345
-90.5, -42.4956, 362

-140.518, -27.0522, 366
-127.317, 43.9478, 361
-113.786, 55.4087, 354
-96.3214, 43.8783, 348
-72.5982, 15.0435, 346
-90.25, -40.8087, 361

-143.393, -28.5652, 365
-126.786, 38.587, 355
-114.388, 50.3609, 351
-94.2232, 45.1304, 346
-64.5, 16.4522, 344
-93.4732, -45.5174, 361

-147.009, -27.3478, 370
-129.094, 41.9087, 357
-116.616, 55.2522, 353
-99.7143, 47.0391, 349
-64.5, 14.9565, 344
-91.6072, -39.1304, 360

-143.036, -32.8696, 360
-132.652, 35.8, 358
-112.821, 47.3087, 351
-92.9464, 40.7348, 347
-62.7813, 14.913, 343
-94.8214, -36, 360

-147.455, -36.7, 367
-138.982, 36.2, 362
-114.714, 53.5652, 352
-94.2232, 45.1304, 346
-59.3705, 16.3087, 341
-93.2143, -40.6957, 360

-149.911, -36.5, 365
-133.951, 39.9043, 353
-120.446, 50.9348, 355
-92.6786, 45.1304, 346
-58.1875, 14.913, 343
-87.9018, -49.8087, 358

-148.687, -36.6, 366
-135.848, 35.8, 358
-112.821, 51.887, 351
-88.2991, 48.2783, 347
-52.2143, 17.9478, 344
-93.7321, -48.7913, 362

-152.786, -41.6, 368
-138.214, 34.4348, 360
-114.388, 50.3609, 351
-86.183, 45.7826, 351
-45.6696, 20.7565, 341
-89.5, -45.1391, 358

-158.571, -43.4348, 370
-142.638, 40.5826, 359
-118.192, 53.7174, 353
-86.183, 47.3087, 351
-41.2232, 17.8435, 342
-91.0982, -49.8087, 358

-165.737, -50.5435, 375
-138.679, 33.7652, 353
-115.955, 51.887, 351
-81.8661, 43.6261, 346
-37.8348, 16.213, 339
-84.2321, -52.6261, 356

-172.692, -59.9478, 383
-140.643, 35.8, 358
-112.821, 51.887, 351
-81.25, 45.6522, 350
-33.1964, 13.2261, 338
-82.875, -51.2217, 357

-169.536, -60.487, 376
-140.25, 29.4913, 357
-112.179, 48.5565, 349
-80.7857, 45.3913, 348
-29.6429, 14.4348, 332
-82.6429, -47.9826, 356

-166.071, -59.8435, 372
-141.844, 34.1478, 357
-114.063, 51.7391, 350
-79.3929, 46.0957, 342
-26.3571, 14.2609, 328
-86.0625, -52.7739, 357

-174.272, -60.9696, 379
-138.656, 34.1478, 357
-111.571, 52.0348, 352
-75.4687, 43.5, 345
-28.0759, 12.9522, 331
-76.7813, -51.887, 351

-166.071, -61.4609, 372
-135.911, 38.4783, 354
-109.063, 56.1435, 349
-75.6696, 47.1652, 339
-28.1607, 11.5478, 332
-86.5446, -60.8739, 359

-176.112, -64.9435, 383
-139.045, 42.0261, 358
-110.938, 56.3043, 350
-77.183, 48.6391, 339
-25.2723, 17.3739, 333
-82.4107, -49.3913, 355

-185.339, -67.4783, 388
-139.045, 35.8, 358
-110.938, 56.3043, 350
-70.9196, 44.087, 338
-23.7143, 12.9913, 332
-82.6429, -54.1739, 356

-176.429, -62.7826, 380
-137.062, 34.1478, 357
-109.063, 54.6261, 349
-71.1295, 48.6391, 339
-23.7143, 15.8783, 332
-75.6429, -49.113, 353

-180, -65.113, 384
-138.268, 34.0522, 356
-109.063, 53.1087, 349
-69.308, 46.5, 345
-22.3661, 13.0696, 334
-78.5714, -52.0348, 352

-173.036, -66.087, 380
-135.911, 38.4783, 354
-107.504, 54.6261, 349
-69.8214, 45.8261, 340
-23.5714, 12.913, 330
-79.0179, -53.8696, 354

-177.188, -65.7391, 378
-138.268, 34.0522, 356
-109.063, 54.6261, 349
-68.7054, 47.5826, 342
-22.2991, 14.4783, 333
-80.5982, -50.7913, 354

-177.188, -65.7391, 378
-138.268, 38.6957, 356
-108.75, 57.4956, 348
-68.7054, 46.0957, 342
-20.75, 15.8783, 332
-78.5714, -50.5043, 352

-175.036, -67.2043, 377
-141.036, 32.7783, 359
-109.063, 53.1087, 349
-64.8839, 48.4957, 338
-23.5, 14.3043, 329
-82.4107, -52.4783, 355

-175.036, -67.2043, 377
-138.268, 34.0522, 356
-108.75, 51.4435, 348
-66.3929, 45.5565, 338
-22.1652, 12.9522, 331
-80.8259, -58.6522, 355

-174.571, -65.3913, 376
-139.433, 31.2174, 359
-108.75, 54.4696, 348
-66.3929, 45.5565, 338
-22.1652, 14.3913, 331
-77.2187, -52.1826, 353

-176.112, -63.2783, 383
-137.446, 35.8, 358
-107.196, 54.4696, 348
-64.692, 46.887, 337
-23.5714, 14.3478, 330
-82.4107, -55.5652, 355

-170.089, -61.2913, 381
-136.987, 39.2391, 361
-105.946, 54.6261, 349
-67.7009, 48.3522, 337
-26.3571, 12.8348, 328
-80.8259, -43.2174, 355

-175.397, -57.5043, 389
-136.607, 40.6957, 360
-105.339, 57.3304, 347
-74.375, 45.8261, 340
-32.5089, 14.3913, 331
-89.5, -49.8087, 358

-174.107, -54.2609, 390
-140.598, 42.4956, 362
-106.888, 57.3304, 347
-73.0625, 42.113, 334
-35.8259, 11.1652, 321
-83.2857, -45.913, 352

-181.259, -50.687, 402
-147.009, 43.4348, 370
-110.804, 59.1304, 340
-75.0045, 44.1043, 317
-34.7098, 10.8174, 311
-92.1786, -44.887, 356

-180.808, -50.5609, 401
-150.321, 41.3739, 366
-113.661, 55.3478, 335
-76.6071, 43.4087, 312
-36.4018, 3.93913, 302
-96.4286, -45.3913, 360

-184.875, -49.4261, 406
-150.232, 42.0261, 358
-117.143, 51.3391, 328
-76.8482, 34.1391, 302
-35.6786, -1.28696, 296
-98.8125, -48.1174, 357

-184.848, -48.9391, 402
-153.295, 41.5565, 354
-116.045, 50.9957, 317
-74.25, 34.8652, 297
-35.1964, -1.26957, 292
-98.5357, -44.887, 356

-178.955, -51.2609, 393
-152.92, 40.6174, 346
-117.46, 48.2391, 317
-79.0178, 29.5, 295
-33.5446, -5.02609, 289
-102.433, -42.9739, 353

-187.5, -50.4348, 400
-162.777, 40.0174, 354
-118.393, 46.1217, 312
-79.4375, 26.2043, 287
-35.75, -6.21739, 286
-104.893, -46.4348, 356

-183.929, -50.4348, 400
-157.857, 32.5217, 340
-122.375, 38.8348, 308
-81.4286, 19.8261, 285
-35.375, -12.3043, 283
-103.013, -50.9348, 355

-184.219, -44.4261, 393
-162.786, 29.913, 344
-125.679, 35.9217, 306
-83.1518, 14.5043, 278
-42.9554, -17.2261, 283
-106.071, -54.7826, 360

-167.732, -32.3478, 372
-159.607, 21.3913, 328
-130.777, 28.887, 302
-88.7143, 10.8, 276
-42.6518, -19.5478, 281
-101.429, -54.0217, 355

-173.143, -35.0609, 384
-158.076, 19.4174, 319
-134.728, 26.7522, 293
-96.4554, 9.63478, 277
-51.375, -16.6783, 274
-110.196, -59.9739, 363

-162.75, -33.9652, 372
-158.571, 15.3043, 320
-141.094, 24.8652, 301
-108.75, 10.9565, 280
-58.9598, -14.6609, 281
-104.987, -50.3609, 351

-162.643, -33.6, 368
-154.254, 11.0261, 317
-142.348, 24.6174, 298
-118.125, 10.2261, 294
-73.25, -12.7391, 293
-112.187, -54.6304, 359

-161.759, -31.8261, 366
-152.357, 13.7391, 316
-140.625, 20.8696, 300
-111.571, 9.87826, 284
-86.0357, -12.6957, 292
-99.2946, -45.4217, 337

-156, -30.0696, 364
-148.08, 14.8261, 310
-135.188, 24.287, 294
-114.031, 9.98261, 287
-91.6786, -13.1304, 302
-102.286, -63.8174, 358

-159.688, -33.3261, 365
-156.857, -31.8261, 366
-150.429, 9.49565, 312
-137.812, 19.1739, 294
-116.92, 7.5913, 291
-95.7232, -14.4435, 302

-156.429, -31.7391, 365
-142.031, 10.5391, 303
-132.509, 22.7739, 291
-111.469, 9.98261, 287
-92.4107, -14.3478, 300
-114.75, -52.7739, 357

-151.911, -31.4783, 362
-145.313, 4.04348, 310
-134.728, 20.3826, 293
-112.75, 8.73478, 287
-93.4375, -14.3, 299
-105.946, -51.5913, 349

-150.71, -34.7217, 363
-141.616, 4.05652, 311
-131.661, 19.0435, 292
-112.246, 7.53913, 289
-92.7187, -17.013, 301
-115.04, -47.5783, 353

-155.571, -33.1435, 363
-143.906, 9.34348, 307
-131.696, 21.8043, 295
-109.286, 10.0174, 288
-90.0312, -10.4696, 301
-112.5, -54.7826, 360

-155.571, -36.3, 363
-141.165, 10.6783, 307
-128.612, 23.2435, 297
-112.384, 14.6826, 307
-83.3304, -11.9739, 306
-107.196, -43.8783, 348

-159.25, -41.1478, 364
-143.464, 16.2783, 312
-128.83, 26.6957, 307
-108.281, 16.4348, 315
-77.8348, -6.8913, 317
-100.982, -42.3652, 348

-161, -46.4, 368
-146.223, 16.5913, 318
-129.536, 29.8435, 312
-105.469, 23.2826, 315
-73.3125, -2.8, 322
-103.304, -46.4348, 356

-168.634, -50.4087, 374
-149.036, 16.7478, 321
-131.348, 31.3, 313
-101.875, 25.513, 326
-61.3125, 2.84348, 327
-104.464, -46.9565, 360

-177.656, -54.3783, 379
-157.107, 15.8783, 332
-128.973, 32.1, 321
-96.5357, 27.6522, 318
-56.4107, 7.04348, 324
-99.6429, -50.087, 360

-179.839, -60.0043, 373
-159.107, 15.7826, 330
-129.951, 34.0217, 313
-94.2857, 29.2174, 320
-51.9107, 8.42609, 323
-100.75, -53.8087, 364

-177.612, -63.4783, 365
-162.04, 14.4783, 333
-129.187, 34.5652, 318
-93.9911, 31.9, 319
-50.2411, 10.0739, 331
-98.5714, -64, 368

-179, -76.2696, 358
-167.491, 11.7565, 338
-134.103, 39.3217, 323
-93.9911, 34.6739, 319
-51, 10.2261, 336
-96.4018, -55.6956, 366

-182.705, -87.4087, 359
-167.482, 10.1043, 332
-134.705, 37.6826, 321
-95.4687, 35.7609, 329
-50.0893, 11.8261, 340
-104.571, -62.0609, 366

-179.696, -95.0478, 347
-174.455, 7.26087, 334
-146.125, 30.4957, 334
-96.9375, 30.0391, 329
-52.5179, 12.0348, 346
-113.665, -65.7783, 369

-195.545, -108.6, 362
-169.286, 1.37391, 316
-146.875, 30.0391, 329
-99.875, 31.4696, 329
-62.8527, 12.5565, 361
-108.429, -65.6, 368

-192.522, -109.5, 345
-175.018, 1.4087, 324
-152.286, 31.3739, 328
-99.6027, 30.4043, 333
-59.7143, 10.713, 352
-104.571, -70.0174, 366

-189.321, -108.548, 342
-178.571, 1.3913, 320
-148.446, 29.7652, 326
-100.786, 30.313, 332
-59.375, 9.13043, 350
-112.433, -66.6522, 365

-190.848, -113.009, 342
-182.857, -4.17391, 320
-149.5, 28, 322
-98.1071, 31.3739, 328
-56.0893, 12.1391, 349
-104.464, -65.7391, 360

-185.723, -112.678, 341
-176, -5.35652, 308
-146.683, 23.5783, 319
-94.875, 28, 322
-59.0357, 9.07826, 348
-107.25, -77.5478, 364

-185.826, -115.826, 333
-174.286, -6.63044, 305
-139.339, 23.9478, 306
-88.8482, 27.913, 321
-57.317, 10.5609, 347
-102.857, -72, 360

-183.121, -117.913, 339
-172, -11.7783, 301
-141.143, 21.1478, 304
-89.4286, 25.8565, 313
-54.375, 7.56522, 348
-106.366, -81.6174, 361

-178.58, -117.913, 339
-171.616, -11.6609, 298
-134.268, 17.7739, 292
-86.0803, 22.987, 311
-52.5179, 10.5304, 346
-98.2589, -67.913, 355

-175.42, -120.17, 333
-163.504, -12.7391, 293
-131.598, 13.8217, 289
-83.875, 22.7652, 308
-49.4286, 7.52174, 346
-94.558, -73.3609, 359

-173.411, -121.252, 332
-165.857, -16.2783, 288
-127.679, 13.6783, 286
-79.808, 19.7609, 303
-51.7589, 8.89565, 341
-99.0893, -80.9391, 358

-176.906, -121.617, 333
-162, -18.7826, 288
-126.701, 13.4391, 281
-77.9375, 20.9391, 301
-49.7946, 7.34783, 338
-97.1518, -70.2, 351

-170.893, -121.957, 330
-158.321, -18.6522, 286
-124.634, 13.487, 282
-77.1607, 20.7304, 298
-45.2679, 7.34783, 338
-94.8214, -75.4174, 354

-171, -121.252, 336
-156.25, -17.0435, 280
-123.661, 12.0435, 277
-76.125, 21.7304, 294
-45, 7.30435, 336
-89.8482, -66.3826, 347

-170.375, -118.726, 329
-154.446, -19.4087, 279
-122.866, 13.2957, 278
-79.7902, 20.3826, 293
-47.5714, 5.7913, 333
-88.5536, -68.087, 348

-168.821, -119.061, 326
-150.866, -19.2696, 277
-119.875, 11.913, 274
-83.4286, 16.5043, 292
-50.3929, 8.66087, 332
-94.2232, -70.7043, 346

-171.321, -116.939, 328
-148.393, -19.2696, 277
-122.768, 9.56522, 275
-89.6384, 18.9783, 291
-53.683, 11.3043, 325
-88.8125, -64.1261, 343

-165.402, -115.87, 325
-147.857, -19.2, 276
-120.214, 13.0087, 272
-90.6518, 16.1652, 286
-52.8571, 8.34783, 320
-85.4464, -69.6, 348

-167.665, -114.443, 321
-142.071, -21.287, 272
-117.353, 9.42609, 271
-88.4375, 15.9957, 283
-52.692, 6.93478, 319
-87.5, -76.087, 350

-161.049, -104.565, 325
-137.92, -21.2087, 271
-112.045, 5.80435, 267
-89.067, 13.4391, 281
-51.5714, 2.64348, 304
-78.125, -74.5652, 350

-147.188, -92.8348, 314
-127.491, -15.9478, 262
-108.777, 6.83478, 262
-89.9464, 8.4, 276
-56.4375, -3.92609, 301
-81.6295, -70.5, 345

-144.33, -83.5435, 305
-119.036, -14.9217, 264
-104.866, 5.67391, 261
-90.8482, 5.97826, 275
-61.6741, -5.33913, 307
-79.5, -64.2783, 336

-135.187, -77.9217, 309
-115.937, -12.6739, 265
-104.866, 3.40435, 261
-90.5178, 3.57391, 274
-65.4062, -10.4, 299
-87.0536, -57.9348, 325

-135.187, -75.2348, 309
-115.063, -11.4348, 263
-101.371, 4.53913, 261
-87.75, 2.37391, 273
-61.8125, -13.087, 301
-81, -64.2783, 336

-133.808, -75.2348, 309
-114.321, -14.9217, 264
-102.929, -1.13913, 262
-86.5313, -2.37391, 273
-62.9464, -14.3478, 300
-81.0268, -58.8261, 330

-136.161, -76.913, 305
-117.857, -14.9217, 264
-104.866, 1.13478, 261
-91.4062, -3.56087, 273
-67.8482, -14.2522, 298
-83.4643, -59.8957, 328

-133.375, -77.6696, 308
-121.741, -18.7826, 270
-107.607, -4.55652, 262
-91.4062, -4.74783, 273
-68.4821, -14.1087, 295
-92.8616, -78.5783, 341

-137.946, -85.9826, 309
-125.156, -22.0565, 267
-114.754, -8.06522, 265
-95.0625, -5.93478, 273
-73.4152, -11.7, 299
-85.2455, -71.3696, 335

-138.393, -90.3044, 310
-131.317, -26.5, 265
-116.679, -10.3304, 264
-93.8438, -2.37391, 273
-72.4018, -7.98261, 306
-91.8928, -70.7304, 332

-140.214, -106.357, 302
-132.17, -31.8956, 262
-114.188, -9.07826, 261
-94.4821, 1.24348, 286
-74.058, -5.44348, 313
-91.6071, -81.7826, 342

-142.545, -124, 310
-135.884, -39.4696, 267
-116.781, -7.88261, 259
-94.183, 6.28261, 289
-78.1071, 1.4087, 324
-91.0714, -76.8696, 340

-142.982, -137.887, 314
-131.317, -41.4783, 265
-117.232, -9.04348, 260
-95.4732, 6.28261, 289
-77.8661, -2.8087, 323
-86.5179, -76.8696, 340

-143.464, -143.752, 309
-139.982, -41.9478, 268
-120.013, -9.07826, 261
-95.7589, 7.46087, 286
-82.25, -1.43043, 329
-88.5536, -89.2696, 348

-136.607, -143.687, 306
-133.683, -42.6304, 265
-118.848, -7.94348, 261
-96.7634, 3.76957, 289
-78.5536, -2.88696, 332
-88.808, -86.4913, 349

-132.563, -140.961, 303
-133.848, -44.5957, 263
-117.857, -10.3304, 264
-96.7634, 5.02609, 289
-80.5179, -1.45217, 334
-90.6072, -85.2522, 344

-132.942, -148.161, 307
-133.179, -45.913, 264
-119.036, -9.18261, 264
-96.7634, 7.53913, 289
-83.25, 1.44783, 333
-91.3393, -80.0609, 341

-127.152, -143.596, 303
-129.647, -40.2261, 257
-118.848, -9.07826, 261
-97.0982, 7.56522, 290
-83.25, -2.89565, 333
-89.5893, -90.2609, 346

-129, -145.265, 301
-129, -41.5043, 258
-120.473, -7.97391, 262
-100.719, 8.91739, 293
-93.4063, 2.98261, 343
-88.2991, -85.9957, 347

-130.344, -146.574, 301
-129, -38.1391, 258
-122.772, -4.64348, 267
-105.804, 10.4348, 300
-96.3214, 6.05217, 348
-92.4107, -81, 345

-130.777, -143.122, 302
-131.161, -36.1739, 260
-128.906, 2.3913, 275
-106.071, 14.2043, 297
-104.304, 6.15652, 354
-92.0446, -76.4174, 338

-138.393, -141.522, 310
-138.545, -33.1609, 263
-129.929, 4.73043, 272
-111.375, 16.0696, 308
-104.009, 10.7435, 353
-96.3214, -78.6783, 348

-136.567, -135.691, 309
-139.982, -30.2957, 268
-130.607, 6, 276
-113.545, 20.4783, 314
-105.335, 9.46957, 363
-99.1429, -70.9087, 347

-136.17, -129.991, 302
-146.786, -25.0174, 274
-137.893, 9.94783, 286
-115.679, 21.9826, 316
-103.714, 11.0478, 363
-100.857, -65.9956, 353

-144.384, -128.33, 314
-152.679, -22.3043, 285
-138.196, 11.113, 284
-120.554, 21.8435, 314
-106.205, 11.1391, 366
-102.433, -64.4609, 353

-150.937, -114.8, 322
-163.687, -13.9174, 291
-147.5, 16.6739, 295
-133.071, 19.7217, 324
-111.411, 14.3609, 367
-108.679, -60.7044, 358

-161.563, -101.561, 329
-162.536, -12.8696, 296
-150.643, 11.5826, 296
-143.335, 18.7087, 331
-118.929, 14.4783, 370
-112.5, -61.0435, 360

-163.366, -92.113, 321
-174.107, -2.71304, 312
-156.393, 14.4435, 302
-146.732, 18.7652, 332
-113.049, 9.57391, 367
-120.536, -61.0435, 360

-168.964, -83.7217, 332
-170.156, -1.36957, 315
-157.429, 18.5043, 304
-149.246, 20.1478, 331
-125.893, 13.0783, 376
-120.911, -62.0609, 366

-170.464, -77.7739, 344
-163.487, 2.72174, 313
-156.384, 12.1304, 310
-149.442, 18.3696, 325
-128.143, 8, 368
-122.232, -59.5217, 370

-168.853, -67.8913, 347
-161.571, 1.35652, 312
-156.75, 20.087, 308
-149.442, 18.3696, 325
-128.214, 6.24348, 359
-123.223, -55.1391, 373

-165.982, -61.7217, 338
-162.232, 4.12174, 316
-155.5, 18.9304, 311
-150.268, 17.2174, 330
-127.143, 7.73913, 356
-128.25, -52.5913, 378

-162.527, -62.4435, 334
-164.531, 4.1087, 315
-157, 21.8435, 314
-144.812, 18.7087, 331
-128.371, 7.71739, 355
-125.223, -45.5304, 374

-167.491, -61.7217, 338
-162.232, 4.12174, 316
-155.67, 22.0522, 317
-144.375, 20.087, 330
-125.705, 7.84783, 361
-128.219, -40.5435, 373

-166.42, -59.4783, 342
-163.259, 1.38261, 318
-154.112, 22.987, 311
-144.375, 21.5217, 330
-124.437, 7.86956, 362
-131.902, -47.1565, 374

-159.946, -58.7826, 338
-162.232, 6.86957, 316
-153.214, 24.4174, 312
-144.375, 22.9565, 330
-126.964, 4.69565, 360
-124.817, -46.6261, 383

-168.929, -56.8348, 344
-162.348, 12.4826, 319
-155.714, 26.4348, 320
-143.768, 24.5391, 332
-126.259, 9.33913, 358
-128.929, -42.9565, 380

-168.75, -54.7826, 350
-163.366, 9.76957, 321
-153.804, 24.9652, 319
-141.991, 25.2783, 342
-120.254, 14.4391, 369
-121.5, -31.2261, 378

-173.089, -53.0696, 359
-163, 14.1739, 326
-154.143, 33.2, 332
-129.75, 33.0957, 346
-105.625, 18.9913, 364
-122.348, -45.313, 386

-172.92, -50.3652, 362
-156.634, 18.7087, 331
-144.429, 38.0957, 337
-122.143, 37.1739, 342
-88.3929, 17.2174, 360
-120.937, -45.4304, 387

-175.5, -53.8087, 364
-160.022, 21.8478, 335
-143.143, 37.7565, 334
-108.848, 36.3043, 334
-71.875, 13.6957, 350
-106.75, -46.0174, 392

-178.098, -54.1043, 366
-160.42, 23.5826, 339
-138.411, 41.0261, 337
-106.5, 36.5217, 336
-67.9643, 13.5391, 346
-111.143, -54.1217, 389

-184.152, -57.0652, 375
-161.933, 25.0565, 339
-137.589, 40.7826, 335
-99.0045, 37.4174, 331
-59.1964, 10.3478, 340
-102.46, -54.1217, 389

-188.799, -59.6348, 381
-159.473, 26.3739, 337
-132.991, 41.7348, 331
-94.308, 35.3261, 325
-49.6339, 8.53043, 327
-99.9464, -48.6696, 386

-190.045, -62.2565, 387
-157.5, 24.8348, 336
-130.036, 43.1739, 331
-90.5089, 35.5435, 327
-43.1116, 8.68696, 333
-102.589, -48.2913, 383

-190.045, -57.2087, 387
-158.321, 31.1348, 341
-129.335, 46.3304, 333
-85.3393, 36.6261, 324
-36.8304, 1.43478, 330
-104.299, -48.2913, 383

-185.027, -57.8, 391
-157.259, 31.2261, 342
-124.777, 45.2174, 325
-83.6339, 28.087, 323
-36.3839, -7.08696, 326
-105.732, -53.1478, 382

-191.179, -54.4522, 404
-156.911, 31.7739, 348
-124.085, 41.2304, 327
-76.75, 25.3609, 307
-34.6071, -12.6391, 323
-100.982, -50.813, 377

-192.598, -51.3174, 407
-154.464, 30.087, 346
-116.777, 42.9957, 319
-76.1161, 21.5652, 310
-28.875, -16.0696, 308
-102.665, -49.1739, 377

-194.491, -50.0348, 411
-154.911, 31.6826, 347
-114.629, 41.3478, 317
-69.2143, 17.1826, 304
-27.9464, -19.0522, 313
-110.268, -56.1739, 380

-189.893, -49.7913, 409
-149.187, 34.1, 341
-111.446, 39.8435, 316
-62.0179, 17.0696, 302
-19.9375, -12.4826, 319
-97.192, -49.7348, 369

-190.366, -48.6, 414
-148.098, 28.2522, 342
-110.036, 39.8435, 316
-60.8705, 15.8087, 303
-19.8125, -17.9174, 317
-94.1518, -51.4783, 370

-188.987, -50.0348, 411
-146.799, 29.4783, 339
-105.518, 37.8609, 311
-61.6071, 15.6522, 300
-19.6875, -20.5435, 315
-95.2857, -51.2, 368

-188.473, -52.7043, 418
-146.799, 29.4783, 339
-105.518, 37.8609, 311
-55.6429, 11.8957, 304
-16.8214, -19.113, 314
-87.5089, -45.7696, 363

-182.089, -51.9478, 412
-146.366, 27.9217, 338
-103.46, 37.6174, 309
-58.3393, 14.2043, 297
-18.3973, -20.6739, 317
-88.8839, -47.2174, 362

-186.67, -50.4, 414
-151.339, 28.0043, 339
-104.839, 33.587, 309
-57.9464, 14.1087, 295
-15.3214, -20.3478, 312
-96.6652, -51.0609, 367

-189.906, -55.6652, 413
-154.018, 25.5, 345
-104.5, 33.4783, 308
-58.5357, 10.3652, 298
-16.8214, -23.2087, 314
-90.75, -52.0826, 363

-184.375, -52.0739, 413
-146.29, 28.7826, 331
-107.25, 33.4783, 308
-61.6071, 9.13044, 300
-22.2857, -25.7739, 312
-98.2455, -60.0043, 373

-185.33, -51.3174, 407
-145.5, 24.8348, 336
-108.295, 31.1, 311
-67.1652, 8.97826, 295
-24.9107, -26.9565, 310
-101.576, -56.7609, 373

-191.75, -46.687, 413
-146.125, 24.687, 334
-108.978, 28.213, 309
-70.875, 7.66957, 294
-32.4643, -26.3478, 303
-110.491, -55.4348, 375

-184.299, -41.7, 417
-140.58, 20.3913, 335
-110.357, 24.1826, 309
-77.1741, 8.91739, 293
-43.5714, -25.1957, 305
-102.121, -58.6957, 375

-175, -33.0435, 400
-138.67, 23.2348, 334
-112.384, 26.6957, 307
-81.375, 8.94783, 294
-49.7187, -23.5565, 301
-93.6429, -56, 368

-170.223, -30.3043, 410
-135, 21.913, 336
-109.643, 28.0304, 307
-87.6339, 9.1913, 302
-55.0938, -23.5565, 301
-97.7679, -52.3696, 365

-164.696, -26.1522, 401
-133.795, 23.1652, 333
-113.116, 24.1826, 309
-93.8036, 8.06087, 309
-61.0893, -24.3391, 311
-102.134, -54.5478, 369

-154, -23.8609, 392
-129.527, 22.6783, 326
-112.384, 26.6957, 307
-90.3303, 6.56522, 302
-64.8348, -24.1826, 309
-90, -53.2174, 360

-154.58, -25.9565, 398
-116.875, 29.4609, 308
-132.308, 15.9261, 333
-105.179, 13.4783, 310
-86.6339, -24.4957, 313
-113.732, -65.4522, 386

3.2001e+007, 3.2001e+007, 3.2001e+007
-114.375, 26.5217, 305
-126.746, 19.4174, 319
-113.906, 9.58696, 315
-100.112, -24.0217, 325
-117.978, -61.613, 383

3.2001e+007, 3.2001e+007, 3.2001e+007
-117.098, 23.8696, 305
-126.562, 16.4348, 315
3.2001e+007, 3.2001e+007, 3.2001e+007
3.2001e+007, 3.2001e+007, 3.2001e+007
-115.661, -64.6043, 381

3.2001e+007, 3.2001e+007, 3.2001e+007
-117.683, 23.713, 303
-119.625, 10.713, 308
3.2001e+007, 3.2001e+007, 3.2001e+007
3.2001e+007, 3.2001e+007, 3.2001e+007
-115.964, -66.4348, 382

3.2001e+007, 3.2001e+007, 3.2001e+007
-115.179, 20.8696, 300
3.2001e+007, 3.2001e+007, 3.2001e+007
3.2001e+007, 3.2001e+007, 3.2001e+007
3.2001e+007, 3.2001e+007, 3.2001e+007
-97.5268, -56.1261, 331

3.2001e+007, 3.2001e+007, 3.2001e+007
-114.027, 21.9522, 297
-119.429, 10.5739, 304
3.2001e+007, 3.2001e+007, 3.2001e+007
3.2001e+007, 3.2001e+007, 3.2001e+007
-91.4286, -52.8696, 320

3.2001e+007, 3.2001e+007, 3.2001e+007
-113.259, 20.5217, 295
3.2001e+007, 3.2001e+007, 3.2001e+007
3.2001e+007, 3.2001e+007, 3.2001e+007
3.2001e+007, 3.2001e+007, 3.2001e+007
-86.8705, -52.7043, 319

3.2001e+007, 3.2001e+007, 3.2001e+007
-110.625, 23.087, 295
3.2001e+007, 3.2001e+007, 3.2001e+007
3.2001e+007, 3.2001e+007, 3.2001e+007
3.2001e+007, 3.2001e+007, 3.2001e+007
-88.2946, -49.9304, 319

3.2001e+007, 3.2001e+007, 3.2001e+007
-110.045, 21.4348, 290
-116.679, 14.2043, 297
3.2001e+007, 3.2001e+007, 3.2001e+007
3.2001e+007, 3.2001e+007, 3.2001e+007
-92.7232, -47.1739, 310

3.2001e+007, 3.2001e+007, 3.2001e+007
-122.281, 18.3217, 301
-109.125, 22.7739, 291
3.2001e+007, 3.2001e+007, 3.2001e+007
3.2001e+007, 3.2001e+007, 3.2001e+007
-82.192, -44.9391, 323

-92.7455, -16.8609, 277
-107.085, 20.1043, 289
-124.857, 21.1478, 304
3.2001e+007, 3.2001e+007, 3.2001e+007
3.2001e+007, 3.2001e+007, 3.2001e+007
-82.2321, -38.7087, 307

-83.3616, -22.8696, 263
-106.161, 17.6522, 290
-126.089, 18.687, 307
3.2001e+007, 3.2001e+007, 3.2001e+007
3.2001e+007, 3.2001e+007, 3.2001e+007
-76.25, -43.7609, 305

-69.375, -24.7739, 259
-95.9286, 13.0087, 272
-122.687, 15.7565, 302
3.2001e+007, 3.2001e+007, 3.2001e+007
-367.214, -145.078, 776
-66.8036, -29.1652, 258

-62.4375, -29.2783, 259
-96.8036, 9.66956, 278
-129.536, 14.9217, 312
3.2001e+007, 3.2001e+007, 3.2001e+007
-400.527, -160.822, 787
-77.8661, -54.7696, 323

-57.5893, -24.6783, 258
-94.875, 9.6, 276
-126.732, 14.4435, 302
3.2001e+007, 3.2001e+007, 3.2001e+007
3.2001e+007, 3.2001e+007, 3.2001e+007
-79.9018, -47.7826, 314

-56.875, -28.2609, 260
-93.8438, 10.6826, 273
-133.808, 12.0913, 309
-146.473, -25.1739, 386
3.2001e+007, 3.2001e+007, 3.2001e+007
-90.6072, -55.3391, 344

-53.5982, -21.5609, 261
-93.1562, 8.24783, 271
-127.045, 10.6435, 306
3.2001e+007, 3.2001e+007, 3.2001e+007
-350.536, -131.304, 755
-85.2455, -53.8913, 335

-49.7187, -21.3957, 259
-93.5, 8.27826, 272
-132.076, 7.95652, 305
-158.321, -29.787, 403
-343.946, -149.6, 748
-95.7678, -52.6522, 346

-49.875, -19.6609, 266
-91.9464, 5.8913, 271
-131.643, 7.93043, 304
-171.844, -36.7826, 423
3.2001e+007, 3.2001e+007, 3.2001e+007
-99.3661, -59.313, 359

-175.812, -44.1304, 406
-135.241, 9.31304, 306
-91.9464, 10.6043, 271
-41.875, -15.1478, 268
-5.10714, -53.4696, 286
-82.9286, -64.313, 344

-183.513, -49.5478, 407
-133.875, 10.6435, 306
-90.9241, 13.3435, 279
-42.0313, -11.6957, 269
-1.30357, -45.7043, 292
-88.808, -63.7304, 349

-185.625, -55.0957, 396
-135.714, 9.25217, 304
-89.9464, 15.6, 276
-42.1964, -3.62609, 278
-1.37946, -34.9304, 309
-85.9375, -62.3913, 350

-192.598, -63.7043, 407
-136.607, 14.6348, 306
-93.1607, 22.0696, 282
-39.1071, 6.34783, 292
-5.69643, -20.8043, 319
-84.6161, -54.9391, 351

-189.759, -69.7391, 401
-136.567, 13.4348, 309
-93.5313, 26.2043, 287
-48.5357, 14.4435, 302
-5.73214, -11.1652, 321
-79.4643, -51.0783, 356

-187.25, -68.1739, 392
-137.893, 17.6348, 312
-101.446, 29.9, 299
-51.7411, 21.2174, 305
-11.9286, -4.35652, 334
-76.9286, -51.5087, 359

-181.071, -71.2174, 390
-136.937, 19.0522, 313
-99.1071, 32.6087, 300
-51.7411, 25.1957, 305
-16.5982, 4.4087, 338
-84.9643, -49.3304, 366

-185.339, -67.4783, 388
-137.272, 17.9174, 317
-103.821, 35.9217, 306
-67.3527, 30.7043, 321
-29.433, 9.05217, 347
-86.5982, -46.1478, 366

-185.339, -70.8522, 388
-139.563, 19.4174, 319
-103.821, 37.2522, 306
-78.5714, 29.2174, 320
-38.3929, 10.4696, 344
-91.125, -54.2348, 378

-190.536, -65.7913, 388
-140.875, 22.4, 322
-114.643, 41.8696, 321
-89.0491, 32.7, 327
-50.0893, 13.3043, 340
-92.3214, -52.313, 376

-182.473, -64.7739, 382
-135.545, 21.0652, 323
-122.188, 37.8, 322
-93.7143, 32.8, 328
-59.0357, 12.1043, 348
-91.125, -47.6609, 378

-175.964, -57.6739, 379
-138.857, 21.1304, 324
-119.625, 36.0609, 319
-98.6607, 31.087, 325
-67.1875, 13.6957, 350
-88.9643, -35.9652, 376

-170.888, -49.4348, 379
-135.946, 23.0261, 331
-122.188, 36.4, 322
-104.375, 31.9478, 334
-70.9152, 15.3478, 353
-95.25, -43.0696, 381

-166.688, -43.0696, 381
-137.313, 26.4522, 338
-123.326, 38.1522, 325
-105.232, 31.7565, 332
-80.8036, 14.1652, 362
-99.9464, -43.6348, 386

-155.692, -40.7609, 375
-137.719, 25.0565, 339
-121.902, 40.5391, 333
-107.451, 30.9522, 339
-83.8036, 14.1261, 361
-98.25, -39.3, 393

-156.937, -37.8, 378
-137.009, 25.2043, 341
-124.125, 40.2956, 331
-108.085, 31.1348, 341
-82.6473, 12.6261, 363
-105.268, -44.4261, 393

-156.107, -35.9652, 376
-142.821, 22.4348, 344
-125.982, 40.4174, 332
-117.188, 33.4783, 350
-90.1116, 7.97826, 367
-102.018, -37.687, 394

-158.205, -34.4217, 377
-141.286, 25.4261, 344
-129, 40.9043, 336
-117.732, 37.7174, 347
-93.8973, 12.8348, 369
-104.732, -32.3, 391

-158.625, -34.513, 378
-150, 27.3913, 350
-130.888, 41.0261, 337
-116.183, 37.7174, 347
-90.6027, 16.0435, 369
-102.018, -34.2609, 394

-169.196, -42.8435, 379
-158.714, 26.0174, 352
-138.616, 43.5, 345
-111.857, 39.3391, 348
-88.4464, 18.2217, 381
-110.714, -46.9565, 400

-178.286, -58.4348, 384
-163.893, 23.0217, 353
-144.982, 44.5087, 353
-114.281, 43.5522, 371
-80.9107, 29.1217, 394
-110.714, -33.0435, 400

-180.321, -65.0435, 374
-165, 19.8957, 352
-143.406, 47.5783, 353
-118.125, 50.9478, 378
-77.9821, 31.0696, 397
-110.018, -49.1826, 404

-197.246, -76.5, 391
-172.366, 24.4174, 351
-149.393, 44.887, 356
-117.5, 50.6783, 376
-79.9554, 36.3391, 398
-117.857, -40, 400

-193.714, -88.487, 384
-171.875, 16.7391, 350
-157.192, 47.3478, 363
-121.884, 48.7826, 374
-80.1562, 32.9609, 399
-116.362, -45.3304, 401

-182.679, -90.5739, 372
-179.696, 18.1043, 347
-161.42, 46.6957, 358
-127.232, 49.5652, 380
-92.0938, 34.7783, 421
-118.446, -50.687, 402

-183.348, -94.913, 370
-178.143, 11.9652, 344
-160.067, 46.3043, 355
-127.232, 53.8043, 375
-93.0804, 32.6348, 417
-119.344, -45.1043, 399

-179.879, -99.4304, 363
-176.022, 10.2565, 337
-158.009, 40.7348, 347
-128.219, 50.2739, 373
-91.0714, 26.6087, 408
-124.375, -46.7217, 398

-179.085, -104.957, 355
-176.25, 5.72174, 329
-161.107, 42.2435, 347
-130.844, 48.3913, 371
-93.1205, 24.8957, 409
-113.714, -48.4522, 398

-180.094, -110.204, 357
-179.188, 2.86087, 329
-162.888, 38.5478, 341
-131.902, 50.4087, 374
-98.8393, 32.087, 410
-123.933, -51, 391

-177, -109.278, 354
-178.643, 5.70435, 328
-161.455, 38.2087, 338
-129.643, 42.613, 363
-103.312, 28.2435, 406
-121.562, -47.3565, 389

-174.054, -113.009, 342
-176.062, 4.08261, 313
-159, 37.9826, 336
-129.08, 44.5565, 366
-101.5, 24.713, 406
-115.5, -57.9478, 392

-173.536, -115.165, 344
-178.013, 5.54783, 319
-163.013, 36.413, 335
-131.054, 43.5826, 358
-107.973, 25.3826, 417
-119.518, -50.6087, 388

-176.607, -110.678, 344
-176.062, 4.08261, 313
-164.018, 36.3043, 334
-135.616, 42.9652, 366
-107.196, 27, 414
-126.527, -51.6217, 383

-173.536, -100.209, 344
-178.25, 9.8, 322
-165.933, 41.513, 341
-137.469, 46.7783, 371
-106.112, 21.7565, 417
-122.188, -54.4, 391

-179.696, -99.5739, 347
-181.92, 11.3391, 326
-164.205, 42.2435, 347
-135.241, 48.7826, 374
-108.25, 33.887, 433
-121.058, -47.8435, 393

-175.804, -90.2783, 358
-186, 16.0696, 336
-168.268, 45.5217, 349
-136.071, 54.6652, 381
-99.8214, 35.5217, 430
-123.75, -43.0435, 396

-178.259, -85.2261, 363
-184.634, 17.687, 339
-171.643, 47.9826, 356
-145.875, 52.4304, 389
-101.741, 33.6522, 430
-126.152, -44.9913, 398

-179.071, -59.2, 368
-190.982, 30.7304, 372
-174.054, 48.6565, 361
-153.804, 51.6522, 396
-107.728, 33.787, 409
-129.214, -36.7043, 402

-184.152, -47.2826, 375
-187, 29.2696, 374
-173.397, 45.7696, 363
-156.813, 48.6696, 386
-125.937, 29.787, 403
-133.393, -39.6957, 415

-186.107, -43.6348, 386
-182.853, 27.2739, 369
-175.089, 48.2609, 370
-157.098, 45.9, 391
-129.857, 24.5913, 404
-137.759, -30.8217, 417

-188.804, -38.8, 388
-183.17, 27.5696, 373
-176.719, 47.5348, 377
-159.768, 43.9739, 389
-132.638, 26.5435, 407
-139.286, -36.1739, 416

-183.281, -37.4, 391
-184.911, 29.7391, 380
-175.313, 45.5304, 374
-155.089, 43.6348, 386
-131.661, 22.8348, 404
-140.804, -36.087, 415

-182.344, -33.8261, 389
-184.152, 26.087, 375
-176.719, 47.5348, 377
-158.536, 41.9565, 386
-135.375, 20.8174, 399
-142.656, -27.0652, 415

-184.786, -32.8783, 398
-183.661, 26.0174, 374
-176.982, 43.9043, 374
-160.674, 42.0652, 387
-128.25, 20.8174, 399
-143.344, -34.4478, 417

-182, -35.7913, 392
-183.451, 24.587, 377
-176.982, 43.9043, 374
-156.893, 43.1826, 382
-134.598, 19.2261, 402
-141.821, -32.713, 418

-180.777, -31.0696, 397
-182.964, 27.7913, 376
-174.375, 48.5217, 372
-153.08, 43.0696, 381
-130.031, 24.287, 399
-138.75, -29.2174, 420

-181.687, -29.4913, 399
-183.937, 31.2261, 378
-171.875, 51.8913, 385
-146.277, 44.7261, 381
-122.946, 26.413, 405
-129.375, -36.5217, 420

-189.844, -36.9783, 405
-182.25, 31.2261, 378
-166.25, 51.2174, 380
-143.25, 51.487, 382
-105.661, 28.6783, 388
-132.174, -25.3826, 417

-185.308, -38.5478, 403
-182.344, 38.9, 389
-155.692, 53.8043, 375
-128.906, 51.8913, 385
-90.3839, 28.2348, 382
-120.571, -33.0261, 422

-191.75, -39.5043, 413
-177.589, 42.3913, 390
-154.558, 59.1956, 389
-125.795, 57.0609, 386
-80.3616, 31.6391, 383
-115.143, -28.9391, 416

-184.188, -36.6087, 421
-171.049, 48.087, 395
-142.299, 60.3261, 375
-117.188, 58.6957, 375
-67.875, 31.4783, 362
-111.161, -28.8696, 415

-185.772, -41.0348, 429
-164.5, 47.7217, 392
-144.196, 64.4348, 380
-110.371, 57.7565, 369
-63.0268, 28.3304, 362
-114.866, -28.8696, 415

-191.571, -40.813, 447
-171.469, 53.8696, 413
-142.679, 62.1217, 376
-107.379, 51.5087, 359
-64.6116, 16.8826, 353
-111.652, -28.5217, 410

-195.134, -30.6522, 470
-163.165, 54.6783, 393
-138.21, 63.2478, 373
-104.687, 50.2174, 350
-66.4196, 13.5391, 346
-109.018, -24.7739, 407

-186.741, -30.6522, 470
-164.286, 52.1739, 400
-137.277, 63.587, 375
-105.036, 46.6348, 346
-68.3036, 8.86957, 340
-111.107, -28.3826, 408

-184.643, -28.6087, 470
-160.875, 55.0957, 396
-136.875, 61.8913, 365
-105.348, 41.6348, 342
-72.1875, 4.30435, 330
-111.268, -24.4696, 402

-180.446, -22.4783, 470
-154.161, 57.3565, 388
-133.022, 59.313, 359
-112.652, 40.0304, 341
-76.8973, -5.65217, 325
-107.567, -29.1957, 395

-174.893, -18.4696, 472
-152.174, 56.6174, 383
-136.987, 61.213, 361
-113.17, 32.3304, 338
-81, -11.2696, 324
-109.607, -32.713, 396

-168.929, -18.5087, 473
3.2001e+007, 3.2001e+007, 3.2001e+007
-137.83, 60.8739, 359
-111.286, 32.8, 328
-83.375, -12.6, 322
3.2001e+007, 3.2001e+007, 3.2001e+007

-173.518, -12.3652, 474
3.2001e+007, 3.2001e+007, 3.2001e+007
-132, 58.1565, 352
-113.518, 29.7652, 326
-90.5714, -12.4043, 317
-97.192, -41.713, 369

-176.25, -14.3043, 470
3.2001e+007, 3.2001e+007, 3.2001e+007
-135.937, 57.8261, 350
-114.469, 23.1652, 333
-94.308, -15.5435, 325
-93.2768, -32.2348, 337

-171.558, -10.0652, 463
3.2001e+007, 3.2001e+007, 3.2001e+007
-136.326, 51.887, 351
-117.143, 22.8174, 328
-96.3214, -13.6174, 348
-91.3393, -28.6957, 330

-167.063, -16.0696, 462
3.2001e+007, 3.2001e+007, 3.2001e+007
-140.562, 52.6522, 346
-117.143, 22.2609, 320
-95.2143, -22.4348, 344
-88.0446, -42.1217, 346

-167.063, -18.0783, 462
3.2001e+007, 3.2001e+007, 3.2001e+007
-140.562, 54.1565, 346
-116.411, 16.5913, 318
-85.2366, -29.9391, 313
-99.7143, -22.7609, 349

3.2001e+007, 3.2001e+007, 3.2001e+007
3.2001e+007, 3.2001e+007, 3.2001e+007
-134.75, 55.1783, 343
-113.545, 20.4783, 314
-81.5625, -35.6087, 315
-102.536, -22.6957, 348

3.2001e+007, 3.2001e+007, 3.2001e+007
3.2001e+007, 3.2001e+007, 3.2001e+007
-135.929, 54.1565, 346
3.2001e+007, 3.2001e+007, 3.2001e+007
3.2001e+007, 3.2001e+007, 3.2001e+007
-81.9375, -39.2, 322

3.2001e+007, 3.2001e+007, 3.2001e+007
3.2001e+007, 3.2001e+007, 3.2001e+007
-132.786, 51.4348, 338
-107.946, 14.8261, 310
-78, -36.6261, 312
-102.433, -23.0217, 353

3.2001e+007, 3.2001e+007, 3.2001e+007
3.2001e+007, 3.2001e+007, 3.2001e+007
-133.179, 53.0609, 339
-110.036, 13.5652, 312
3.2001e+007, 3.2001e+007, 3.2001e+007
-95.3571, -26.313, 356

3.2001e+007, 3.2001e+007, 3.2001e+007
3.2001e+007, 3.2001e+007, 3.2001e+007
3.2001e+007, 3.2001e+007, 3.2001e+007
-132, 51.1304, 336
-111.071, 12.1696, 311
-109.607, -29.113, 372

-173.415, -7.94783, 457
3.2001e+007, 3.2001e+007, 3.2001e+007
-126.295, 57, 345
-108.643, 16.2783, 312
-97.5, -37.9826, 312
-88.2143, -46.2609, 380

-171.897, -5.9087, 453
3.2001e+007, 3.2001e+007, 3.2001e+007
-122.268, 52.2783, 334
-108.625, 14.7304, 308
-98.8795, -36.287, 321
-89.375, -33.2348, 364

-165.75, 3.84348, 442
3.2001e+007, 3.2001e+007, 3.2001e+007
-124.098, 50.113, 339
-111.375, 13.3913, 308
-100.795, -26.2696, 318
-91.8616, -29.8217, 361

-139.58, 5.03478, 386
3.2001e+007, 3.2001e+007, 3.2001e+007
-128.259, 48.4957, 338
-114.268, 22.5391, 324
-102.379, -18.2565, 323
-91.25, -26.9783, 365

3.2001e+007, 3.2001e+007, 3.2001e+007
-127.879, 49.8174, 337
-118.246, 24.1696, 327
-106.875, -8.92174, 342
3.2001e+007, 3.2001e+007, 3.2001e+007
-92.1161, -26.7565, 362

3.2001e+007, 3.2001e+007, 3.2001e+007
3.2001e+007, 3.2001e+007, 3.2001e+007
-127.879, 48.3522, 337
-117.875, 22.4, 322
-110.152, -2.93913, 338
-95.3571, -21.6696, 356

3.2001e+007, 3.2001e+007, 3.2001e+007
3.2001e+007, 3.2001e+007, 3.2001e+007
-125.241, 45.5565, 338
3.2001e+007, 3.2001e+007, 3.2001e+007
3.2001e+007, 3.2001e+007, 3.2001e+007
-102.83, -24.2783, 349

3.2001e+007, 3.2001e+007, 3.2001e+007
3.2001e+007, 3.2001e+007, 3.2001e+007
-127.121, 43.6957, 335
3.2001e+007, 3.2001e+007, 3.2001e+007
3.2001e+007, 3.2001e+007, 3.2001e+007
-96.4018, -21.5478, 354

3.2001e+007, 3.2001e+007, 3.2001e+007
3.2001e+007, 3.2001e+007, 3.2001e+007
-124.5, 44.7478, 332
3.2001e+007, 3.2001e+007, 3.2001e+007
3.2001e+007, 3.2001e+007, 3.2001e+007
-92.4375, -27.9391, 357

3.2001e+007, 3.2001e+007, 3.2001e+007
3.2001e+007, 3.2001e+007, 3.2001e+007
-122.647, 43.1739, 331
3.2001e+007, 3.2001e+007, 3.2001e+007
3.2001e+007, 3.2001e+007, 3.2001e+007
-89.375, -26.9043, 364

3.2001e+007, 3.2001e+007, 3.2001e+007
3.2001e+007, 3.2001e+007, 3.2001e+007
-122.277, 45.913, 330
3.2001e+007, 3.2001e+007, 3.2001e+007
3.2001e+007, 3.2001e+007, 3.2001e+007
-91.0982, -24.9043, 358

3.2001e+007, 3.2001e+007, 3.2001e+007
3.2001e+007, 3.2001e+007, 3.2001e+007
-119.692, 46.0522, 331
3.2001e+007, 3.2001e+007, 3.2001e+007
3.2001e+007, 3.2001e+007, 3.2001e+007
-89.0625, -27.3913, 350

-155.491, -7.04348, 405
-140.518, 39.7826, 366
-119.692, 46.0522, 331
-94.875, 32.2, 322
-88.2946, 2.96522, 341
-105.536, -39.4, 394

-173.129, -14.5043, 417
-139.366, 45.7696, 363
-115.156, 48.0652, 335
-84.0223, 31.9, 319
-69.7813, 1.38696, 319
-98.4777, -38.7, 387

-172.299, -21.6522, 415
-138.598, 45.5174, 361
-112.5, 49.6696, 336
-78.3259, 34.6739, 319
-59.6696, -2.83478, 326
-100.616, -28.2348, 382

-180.25, -32.2435, 412
-141.429, 42.2609, 360
-109.679, 50.5217, 332
-75.9509, 37.6826, 321
-46, -1.4, 322
-93.5, -29.2696, 374

-182.161, -45.6696, 404
-143.036, 43.8261, 360
-108, 51.1304, 336
-73.5402, 39.3217, 323
-40.625, 1.41304, 325
-82.6429, -20.1217, 356

-193.125, -39.4087, 412
-147.455, 46.2739, 367
-112.165, 52.4348, 335
-77.1429, 38.9565, 320
-37.7232, 2.82609, 325
-108.5, -39.2, 392

-186.643, -48.9391, 402
-136.295, 43.2174, 355
-105.04, 53.3739, 341
-67.9732, 38.8565, 331
-27.8214, -2.85217, 328
-106.205, -44.087, 390

-193.183, -51.7826, 397
-138.598, 45.5174, 361
-100.768, 56.5043, 342
-66.4955, 41.7348, 331
-24.8929, 1.42609, 328
-107.393, -48.9217, 388

-197.411, -57.6783, 402
-138.214, 43.8261, 360
-100.768, 55.0174, 342
-66, 45.287, 336
-25.5759, 2.93043, 337
-97.6161, -44.2565, 377

-198.254, -61.513, 393
-143, 39.5652, 364
-107.812, 54.7826, 350
-71.0536, 45.1304, 346
-29.433, 7.54348, 347
-100.982, -44.2565, 377

-204.08, -66.2522, 401
-151.125, 33.9652, 372
-118.929, 56.3043, 370
-77.5714, 45.6435, 362
-31.4286, 6.12174, 352
-104.625, -49.3043, 378

-204.08, -69.7391, 401
-159.013, 36.6348, 383
-120.857, 55.5826, 376
-76.0714, 46.3043, 355
-33.5625, 9.33913, 358
-95.6786, -52.313, 376

-207.027, -64.9304, 393
-159.884, 36.4435, 381
-121.571, 56, 368
-82.875, 49.0609, 364
-34.9643, 12.3826, 356
-104.348, -49.1739, 377

-202.482, -66.3, 391
-161.143, 33.3913, 384
-124.545, 55.7304, 377
-80.1339, 42.1435, 359
-38.6786, 7.84783, 361
-111.964, -51.2174, 380

-199.263, -72.1304, 395
-165.42, 28.2348, 382
-122.879, 51.0609, 367
-82.6473, 44.1913, 363
-38.5714, 7.82609, 360
-115.357, -49.5652, 380

-206.107, -74.4087, 398
-169.75, 30.3652, 388
-126.893, 52.0348, 374
-87.0268, 43.9478, 361
-40.067, 7.80435, 359
-116.129, -59.0087, 377

-207.661, -76.713, 401
-166.286, 30.0522, 384
-130.281, 51.0826, 379
-89.375, 41.1478, 364
-43.7545, 9.46957, 363
-110.196, -52.0348, 374

-205.589, -77.6739, 397
-176.299, 28.9, 391
-133.665, 47.787, 379
-90.1116, 43.0826, 367
-43.5134, 9.41739, 361
-106.571, -45.4087, 373

-204.92, -79.4913, 389
-177.201, 27.3391, 393
-135, 49.3043, 378
-91.25, 42.8478, 365
-46.4777, 7.80435, 359
-119.25, -53.2304, 371

-208.509, -72.1652, 386
-174.496, 31.9696, 387
-134.018, 54.5217, 380
-94.2946, 46.6957, 358
-44.625, 10.8652, 357
-118.929, -51.4783, 370

-206.786, -75.5217, 386
-176.112, 31.6391, 383
-134.518, 54.9913, 372
-92.4375, 45.013, 357
-45.442, 12.2087, 351
-116.643, -51.2, 368

-206.888, -71.6043, 383
-176.571, 36.7304, 384
-131.429, 52.8, 368
-91.6072, 48.5217, 360
-44, 10.713, 352
-123.214, -54.4, 368

-201.875, -72.6957, 380
-173.491, 31.4739, 381
-134.518, 56.6087, 372
-96.1607, 46.8261, 359
-46.4732, 12.0696, 347
-124.179, -54.1043, 366

-201.344, -69.2087, 379
-172.692, 33.3043, 383
-131.987, 53.9565, 365
-92.9777, 44.5087, 353
-50.6786, 8.97391, 344
-114.741, -42.4956, 362

-200.812, -69.0261, 378
-171.67, 34.4217, 377
-129.786, 56, 368
-92.4375, 49.6696, 357
-49, 14.913, 343
-116.036, -48.6565, 361

-208.696, -70.4826, 377
-171.214, 34.3304, 376
-133.433, 57.7565, 369
-94.0313, 51.2217, 357
-49, 13.4217, 343
-108.375, -54.3261, 357

-202.027, -69.9217, 374
-171.67, 31.1435, 377
-131.429, 57.6, 368
-96.6741, 49.3913, 355
-51.7589, 10.3783, 341
-117.321, -54.7826, 360

-204.728, -67.5609, 379
-169.536, 34.3304, 376
-134.348, 57.4435, 367
-95.0893, 50.9348, 355
-44.7946, 18.0522, 346
-110.585, -34.3391, 359

-204.107, -64.6043, 381
-172.58, 41.1957, 379
-131.786, 60.9652, 369
-93.2411, 50.7913, 354
-45.8036, 13.3826, 342
-110.277, -51.3652, 358

-207.589, -65.2174, 375
-172.58, 41.1957, 379
-131.786, 60.9652, 369
-91.6607, 52.3304, 354
-44.6652, 18, 345
-115.714, -50.087, 360

-209.263, -65.2174, 375
-175.036, 36.0609, 377
-135.246, 60.3043, 365
-97.4286, 50.5043, 352
-45.6696, 19.2739, 341
-111.562, -48.1174, 357

-203.696, -65.0435, 374
-175.313, 40.6522, 374
-139.263, 60.6348, 367
-100, 51.7391, 350
-45.6696, 16.3087, 341
-110.277, -48.2522, 358

-199.219, -66.8478, 375
-174.616, 36.9, 369
-136.5, 63.3043, 364
-100.692, 51.2957, 347
-49.942, 19.1609, 339
-111.562, -48.1174, 357

-199.821, -68.113, 373
-173.179, 42.1652, 373
-135, 59.4783, 360
-95.2143, 50.8522, 344
-45.2679, 19.1043, 338
-109.353, -44.7609, 355

-199.821, -68.113, 373
-169, 33.2348, 364
-133.5, 55.7217, 356
-94.4955, 49.787, 347
-42.875, 16.4043, 343
-110.585, -51.5087, 359

-198.156, -68.113, 373
-169.674, 35.2957, 369
-130.799, 53.7174, 353
-92.4107, 49.5, 345
-42.875, 14.913, 343
-108.375, -52.7739, 357

-195.438, -67.7478, 371
-169.393, 35.5826, 372
-128.371, 54.0217, 355
-90.1071, 48.4174, 348
-40.1607, 13.5391, 346
-104.598, -47.8478, 355

-193.549, -68.8435, 377
-164.732, 30.4826, 369
-126.259, 49.8087, 358
-91.1339, 45.1304, 346
-41.8259, 12.0696, 347
-106.366, -47.087, 361

-198.071, -68.6609, 376
-165.625, 32.2609, 371
-126.964, 53.2174, 360
-90.8705, 43.5, 345
-40.2768, 12.0696, 347
-106.071, -50.087, 360

-200.705, -67.9174, 381
-163.188, 34.0565, 373
-126.964, 53.2174, 360
-90.1071, 48.4174, 348
-41.3437, 13.4217, 343
-105.625, -58.5565, 364

-197.304, -67.9174, 381
-163.969, 32.2609, 371
-126.402, 52.0826, 363
-90.1071, 43.8783, 348
-40.1607, 10.5304, 346
-106.205, -58.8783, 366

-197.96, -69.2087, 379
-161.955, 29.2696, 374
-124.094, 50.2261, 361
-89.0625, 47.1739, 350
-38.7277, 10.5609, 347
-107.076, -62.5696, 369

-197.821, -66.4348, 382
-162, 27.9391, 378
-125.469, 49.1957, 365
-89.317, 45.7826, 351
-39.0625, 12.1739, 350
-107.946, -59.8435, 372

-194.723, -68.8087, 386
-162.857, 28.087, 380
-124.518, 51.0609, 367
-84.942, 42.1435, 359
-39.2857, 10.713, 352
-101.857, -52.8, 368

-200.223, -71.2174, 390
-161, 28.9739, 392
-125.536, 49.8696, 370
-85.6518, 42.4956, 362
-36.4509, 9.26087, 355
-87.0714, -49.6, 368

-196.237, -76.1087, 389
-159.429, 21.7043, 384
-122.232, 46.6522, 370
-85.4152, 40.8087, 361
-36.9643, 6.26087, 360
-96.0625, -62.9087, 371

-190.536, -70.8522, 388
-160.062, 29.1217, 394
-121.884, 50.4087, 374
-86.125, 39.5652, 364
-36.0446, 4.78696, 367
-95.6786, -49.0435, 376

-202.79, -72.1304, 395
-162.321, 31.6174, 404
-119.496, 47.5348, 377
-82.3661, 35.2957, 369
-35.0625, 3.25217, 374
-98.1339, -67.5609, 379

-197.719, -74.5957, 399
-158.437, 27.1304, 390
-120.446, 47.913, 380
-87.5446, 35.3913, 370
-34.6875, 1.6087, 370
-95.5, -59.7913, 382
