-143.638, -14.1304, 325
-97.808, 81.0391, 327
-58.2054, 96.7826, 318
-26.3795, 87.8913, 311
19.25, 52.2261, 308
-47.2902, -12.5609, 321

-141.17, -12.7565, 326
-97.5089, 82.2087, 326
-58.3884, 95.7, 319
-26.4643, 86.8174, 312
17.875, 53.5652, 308
-41.1696, -13.8261, 318

-143.5, -15.687, 328
-98.6607, 79.1304, 325
-59.0625, 95.8696, 315
-26.4643, 86.8174, 312
16.4464, 52.0565, 307
-42.9911, -12.5609, 321

-144.08, -14.1739, 326
-100.728, 81.0391, 327
-59.0625, 95.8696, 315
-29.4375, 87.3739, 314
16.4464, 52.0565, 307
-42.9911, -12.5609, 321

-143.5, -15.687, 328
-99.2679, 79.6174, 327
-61.2366, 95.7, 319
-27.8571, 85.4609, 312
16.4464, 50.7217, 307
-47.7321, -15.4957, 324

-143.063, -15.6391, 327
-99.5714, 79.8609, 328
-61.2366, 95.7, 319
-27.6786, 83.5652, 310
15.125, 52.2261, 308
-46.1429, -14.0435, 323

-140.143, -15.6391, 327
-99.2679, 78.1957, 327
-60.375, 96.6, 322
-29.3438, 83.013, 313
16.5536, 53.7391, 309
-49.3304, -16.9565, 325

-143.5, -14.2609, 328
-100.728, 79.6174, 327
-62.4643, 95.4, 318
-29.3438, 87.0956, 313
15.125, 52.2261, 308
-47.7321, -14.087, 324

-142.469, -15.7348, 329
-98.6607, 77.7174, 325
-61.0446, 95.4, 318
-29.25, 85.4609, 312
15.0759, 50.7217, 307
-46.1429, -11.2348, 323

-142.036, -14.2609, 328
-100.728, 78.1957, 327
-61.0446, 95.4, 318
-29.25, 84.1044, 312
13.75, 50.887, 308
-47.7321, -12.6783, 324

-144.375, -17.2174, 330
-98.9643, 79.3739, 326
-61.4286, 94.6087, 320
-29.25, 84.1044, 312
15.1741, 52.3956, 309
-47.7321, -12.6783, 324

-143.5, -15.687, 328
-100.42, 79.3739, 326
-62.8571, 94.6087, 320
-30.5446, 85.187, 311
15.1741, 52.3956, 309
-49.1786, -15.4957, 324

-141.603, -17.0609, 327
-100.728, 79.6174, 327
-62.6607, 95.7, 319
-30.4464, 84.913, 310
13.75, 52.2261, 308
-46, -11.2, 322

-141.603, -17.0609, 327
-100.42, 77.9565, 326
-61.8125, 95.2, 322
-30.6429, 82.7478, 312
15.0759, 50.7217, 307
-45.8571, -12.5609, 321

-145.982, -17.0609, 327
-100.42, 75.1217, 326
-67.1429, 90.4348, 320
-36.6786, 83.8087, 316
5.42857, 54.1913, 304
-49.6339, -15.6391, 327

-96.6429, 22.8174, 328
3.2001e+007, 3.2001e+007, 3.2001e+007
3.2001e+007, 3.2001e+007, 3.2001e+007
3.2001e+007, 3.2001e+007, 3.2001e+007
3.2001e+007, 3.2001e+007, 3.2001e+007
-55.6652, -20.513, 337

3.2001e+007, 3.2001e+007, 3.2001e+007
3.2001e+007, 3.2001e+007, 3.2001e+007
3.2001e+007, 3.2001e+007, 3.2001e+007
3.2001e+007, 3.2001e+007, 3.2001e+007
3.2001e+007, 3.2001e+007, 3.2001e+007
-60.067, -28.5, 345

3.2001e+007, 3.2001e+007, 3.2001e+007
3.2001e+007, 3.2001e+007, 3.2001e+007
3.2001e+007, 3.2001e+007, 3.2001e+007
3.2001e+007, 3.2001e+007, 3.2001e+007
3.2001e+007, 3.2001e+007, 3.2001e+007
-62.4152, -22.2391, 341

-111.625, 12.8739, 329
3.2001e+007, 3.2001e+007, 3.2001e+007
3.2001e+007, 3.2001e+007, 3.2001e+007
3.2001e+007, 3.2001e+007, 3.2001e+007
3.2001e+007, 3.2001e+007, 3.2001e+007
-64.8839, -22.0435, 338

-157.5, -23.3739, 336
-117.83, 76.0435, 318
-78.1071, 97.2, 324
-50.2143, 86.2261, 296
-19.1875, 65.4043, 307
-58.5714, -15.687, 328

-155.071, -27.5913, 334
-113.21, 73.9696, 321
-74.2232, 94.9652, 326
-42.2054, 89.2957, 326
-1.40179, 54.6087, 314
-55.3036, -9.92174, 326

-154.143, -25.9826, 332
-109.286, 79.8261, 340
-62.1964, 95.7913, 324
-29.0179, 90.4348, 325
12.6161, 54.6087, 314
-50.4688, -5.61739, 323

-153.214, -27.2609, 330
-108.848, 78.4174, 334
-65.2902, 94.6739, 325
-29.8125, 88.4869, 318
9.6875, 51.2174, 310
-53.1875, -15.4, 322

-149.442, -26.8478, 325
-113.17, 79.3565, 338
-69.2411, 96.1304, 330
-31.1339, 86.8304, 317
8.4375, 52.0435, 315
-51.9107, -15.4478, 323

-153.214, -25.8261, 330
-112.835, 77.6565, 337
-69.2411, 96.1304, 330
-31.0357, 87.9304, 316
8.46429, 56.3304, 316
-53.3527, -9.83043, 323

-151.741, -24.3913, 330
-111.661, 77.887, 338
-69.2411, 96.1304, 330
-32.6518, 88.4869, 318
8.41071, 54.6087, 314
-52.2321, -9.8913, 325

-150.268, -24.3913, 330
-113.504, 79.5913, 339
-69.6607, 98.1565, 332
-33.9643, 86.8304, 317
8.46429, 56.3304, 316
-52.5536, -11.3739, 327

-155.071, -23.2348, 334
-113.839, 79.8261, 340
-69.6607, 98.1565, 332
-33.8571, 89.3044, 316
8.4375, 57.5217, 315
-53.8482, -7.08696, 326

-156.464, -24.9087, 337
-113.504, 76.6435, 339
-69.6607, 96.713, 332
-33.9643, 86.8304, 317
7.05357, 54.9565, 316
-54.1786, -11.4087, 328

-154.5, -26.2957, 336
-111.661, 77.887, 338
-69.6607, 98.1565, 332
-34.1786, 88.7652, 319
8.46429, 56.3304, 316
-55.8125, -8.58261, 329

-150.147, -26.0609, 333
-113.504, 78.1174, 339
-71.3571, 97.0043, 333
-35.4911, 87.1044, 318
9.78125, 54.4348, 313
-52.5536, -11.3739, 327

-149.812, -25.7478, 329
-111.661, 77.887, 338
-71.7857, 99.0435, 335
-34.3929, 89.3217, 321
9.84375, 56.1522, 315
-54.1786, -11.4087, 328

-149.812, -25.7478, 329
-111.991, 78.1174, 339
-67.9732, 96.4217, 331
-32.8571, 87.6522, 320
11.25, 54.7826, 315
-50.9375, -12.7565, 326

-149.696, -24.5391, 332
-110.478, 78.1174, 339
-67.9732, 96.4217, 331
-32.8571, 87.6522, 320
9.75, 54.2609, 312
-49.1786, -9.86087, 324

-147.875, -26.4522, 338
-110.804, 76.8696, 340
-67.9732, 94.9826, 331
-34.1786, 87.3783, 319
9.78125, 53.0739, 313
-49.3304, -9.8913, 325

-145.067, -26.2174, 335
-110.478, 75.1696, 339
-67.3571, 91.2696, 328
-34.0714, 84.3391, 318
9.84375, 52.0435, 315
-54.1786, -11.4087, 328

-149.107, -26.1391, 334
-108.964, 75.1696, 339
-69.2411, 93.2609, 330
-34.0714, 85.7217, 318
9.78125, 53.0739, 313
-47.8795, -12.7174, 325

-150, -26.2957, 336
-110.478, 75.1696, 339
-68.6116, 93.8348, 327
-35.1563, 86.2826, 315
11.1071, 52.7348, 311
-46.1429, -11.2348, 323

-150, -26.2957, 336
-109.607, 74.1304, 341
-69.0313, 92.9783, 329
-34.0714, 85.7217, 318
9.78125, 53.0739, 313
-51.0937, -15.6391, 327

-145.688, -27.5087, 333
-111.455, 72.8609, 342
-69.0313, 92.9783, 329
-33.9643, 85.4522, 317
9.8125, 53.2435, 314
-47.4375, -9.8, 322

-147.438, -26.3739, 337
-111.455, 72.8609, 342
-69.0313, 92.9783, 329
-34.0714, 84.3391, 318
8.33036, 52.7348, 311
-49.1786, -9.86087, 324

-149.696, -24.5391, 332
-112.107, 74.7826, 344
-69.0313, 92.9783, 329
-35.0446, 84.6435, 314
9.71875, 54.087, 311
-50.625, -8.45217, 324

-150, -24.8348, 336
-111.455, 77.3217, 342
-69.6607, 95.2696, 332
-35.0446, 84.6435, 314
8.27679, 55.0826, 309
-47.5848, -7.02174, 323

-151.049, -26.2174, 335
-111.455, 75.8348, 342
-70.9286, 94.9826, 331
-36.7946, 85.4522, 317
8.30357, 53.913, 310
-53.8482, -7.08696, 326

-150, -24.8348, 336
-114.304, 75.2174, 346
-71.9687, 91.5478, 329
-35.3795, 85.4522, 317
6.89732, 53.7391, 309
-52.2321, -8.47826, 325

-149.554, -24.7609, 335
-109.929, 74.3478, 342
-71.1429, 93.8261, 332
-36.7946, 85.4522, 317
5.48214, 56.0609, 307
-54.3437, -12.8739, 329

-149.107, -24.687, 334
-114.304, 76.7217, 346
-72.8438, 95.5565, 333
-39.75, 87.1044, 318
2.72321, 59.6739, 305
-52.2321, -5.65217, 325

-151.5, -23.3739, 336
-114.964, 78.6783, 348
-73.5, 97.8783, 336
-37.9688, 86.2826, 315
0, 59.4, 297
-54.6741, -11.513, 331

-150.446, -23.4435, 337
-116.183, 78.4522, 347
-74.3304, 97.0043, 333
-39.5, 87.9304, 316
-4.00446, 58.5, 299
-50.7813, -4.23913, 325

-150.893, -24.9826, 338
-118.411, 78.9044, 349
-74.3304, 97.0043, 333
-40.9107, 86.5565, 316
-9.0625, 55.4783, 290
-55.4732, -9.95217, 327

-152.853, -23.5826, 339
-115.179, 76.2783, 344
-76.0446, 95.8435, 334
-42.8571, 89.0435, 320
-14.2902, 53.1391, 291
-54.9643, -4.22609, 324

-153.304, -23.6522, 340
-114.634, 76.9435, 347
-75.817, 97.0043, 333
-42.8571, 89.0435, 320
-19.0179, 49.3913, 284
-54.6741, -11.513, 331

-150.893, -23.513, 338
-113.312, 74.5652, 343
-75.817, 97.0043, 333
-42.7232, 88.7652, 319
-19.9286, 48.5217, 279
-57.2813, -11.4435, 329

-153.911, -22.0435, 338
-116.518, 77.1652, 348
-77.3036, 97.0043, 333
-45.5714, 88.7652, 319
-20.9464, 48, 276
-54.1786, -2.85217, 328

-155.732, -19.3304, 342
-116.183, 78.4522, 347
-73.6607, 99, 330
-42.1875, 89.0217, 315
-25.3125, 41.087, 270
-55.1339, -5.65217, 325

-155.277, -20.7565, 341
-116.853, 78.9044, 349
-74.9062, 98.7, 329
-42.0536, 91.4696, 314
-29.8929, 38.8174, 279
-55.6429, -7.13044, 328

-153.304, -23.6522, 340
-115.295, 77.387, 349
-73.8839, 97.8609, 331
-44.4286, 89.2435, 311
-34.8259, 30.4087, 269
-57.1071, -5.70435, 328

-152.036, -23.9304, 344
-115.625, 76.087, 350
-73.4375, 98.7, 329
-46.1429, 87.2348, 304
-38.4286, 21.0522, 269
-60.9509, -10.1348, 333

-151.339, -23.5826, 339
-115.955, 77.8304, 351
-74.6786, 98.4, 328
-47.8929, 85.513, 298
-39.3348, 15.0913, 267
-61.1339, -10.1652, 334

-153.304, -23.6522, 340
-118.527, 78.4957, 354
-77.8437, 97.2696, 329
-46.7188, 83.2, 299
-42.3438, 11.7826, 271
-61.1339, -14.5217, 334

-153.304, -23.6522, 340
-117.857, 78.0522, 352
-75.6786, 99.2174, 326
-50.5536, 81.6261, 298
-46.1429, 9.46087, 272
-62.4375, -14.4783, 333

-157.259, -23.7913, 342
-120.107, 76.9565, 354
-75.9107, 95.2565, 327
-49.1964, 80.6956, 290
-43.2321, 9.35652, 269
-63.7321, -15.8783, 332

-150.893, -24.9826, 338
-119.768, 76.7391, 353
-78.8304, 96.6783, 327
-54.2143, 72, 276
-44.433, 9.35652, 269
-62.4375, -14.4783, 333

-150.268, -25.1304, 340
-116.518, 74.1391, 348
-76.4241, 95.4957, 323
-56.0491, 69.1435, 279
-45.8036, 10.5652, 270
-62.4375, -17.3739, 333

-150.893, -24.9826, 338
-118.75, 77.6087, 350
-75.9509, 96.3, 321
-60.2143, 62.3087, 281
-45.2946, 11.6087, 267
-64.692, -13.187, 337

-146.799, -26.5304, 339
-118.75, 74.5652, 350
-75.4777, 95.7, 319
-59.1429, 54, 276
-46.6607, 15.1478, 268
-67.7009, -13.187, 337

-151.339, -26.5304, 339
-116.183, 75.4348, 347
-75.0045, 92.3435, 317
-60.0446, 45.613, 269
-44.1027, 15.0913, 267
-63.9241, -11.5826, 333

-147.232, -25.1304, 340
-115.513, 75, 345
-76.4196, 93.7217, 317
-60.3571, 38.4348, 260
-45.2946, 16.2522, 267
-62.625, -15.9739, 334

-147.232, -26.6087, 340
-118.411, 75.8696, 349
-76.8527, 91.1783, 313
-59.8929, 35.8956, 258
-43.9375, 19.6609, 266
-63.375, -13.2261, 338

-149.384, -26.4522, 338
-117.393, 73.713, 346
-76.3616, 90.5956, 311
-60.8214, 34.1739, 262
-42.0313, 19.8826, 269
-69, -14.6087, 336

-149.384, -26.4522, 338
-114.634, 75.4348, 347
-76.1161, 90.3044, 310
-60.5893, 32.9087, 261
3.2001e+007, 3.2001e+007, 3.2001e+007
-68.1027, -23.5826, 339

-153.754, -26.687, 341
-118.411, 71.3174, 349
-77.75, 89.2435, 311
-62.4643, 29.8435, 264
-39.0402, 34.5652, 265
-64.1161, -14.5217, 334

-151.339, -26.5304, 339
-116.375, 73.0739, 343
-78.375, 89.7217, 308
-60.8214, 28.4783, 262
-35.2143, 42.5739, 272
-65.8036, -16.0217, 335

-155.732, -29.7391, 342
-118.937, 75.2174, 346
-80.8616, 89.4304, 307
-62.9196, 23.8304, 261
-32.6652, 42.4174, 271
-66.3929, -20.5739, 338

-148.5, -27.7565, 336
-120.482, 73.713, 346
-82.2321, 88.0957, 307
-64.0848, 20.4261, 261
-31.6875, 45.1043, 273
-65.8036, -16.0217, 335

-151.152, -29.7391, 342
-119.786, 74.7826, 344
-88.5045, 80.8913, 305
-58.9687, 30.4043, 259
-28.1339, 44.0783, 274
-66.3929, -19.1043, 338

-151.339, -29.4783, 339
-121.674, 75, 345
-88.9464, 76.4348, 293
-54.8571, 38.9565, 256
-25.875, 45.6, 276
-62.8125, -18.9348, 335

-152.679, -26.7652, 342
-118.045, 73.6956, 339
-90.0179, 69.1478, 284
-56.875, 44.087, 260
-23.9196, 47.8174, 282
-59.8214, -17.4783, 335

-151.786, -28.087, 340
-119.643, 71.3696, 335
-88.75, 65.4435, 284
-55.183, 48.0261, 263
-22.5804, 47.6478, 281
-64.5, -23.3739, 336

-153.125, -28.3348, 343
-120.804, 67.4348, 330
-90.9643, 57.8304, 283
-53.5982, 52.2, 261
-18.9509, 50.4478, 283
-64.308, -21.8478, 335

-152.036, -26.9217, 344
-120.438, 70.0913, 329
-89.9464, 51.6, 276
-51.6607, 57.1739, 263
-14.192, 50.2609, 289
-61.8661, -23.513, 338

-149.625, -28.2522, 342
-118.607, 70.4348, 324
-90.067, 46.7826, 269
-54.4196, 57.6087, 265
-14.0938, 52.4087, 287
-63.375, -20.5739, 338

-143.518, -29.7391, 342
-116.777, 65.187, 319
-89.8571, 39.0261, 272
-54.4196, 56.4565, 265
-11.5714, 52.5913, 288
-60, -23.3739, 336

-149.397, -27, 345
-115.875, 60.4565, 309
-89.5268, 35.3478, 271
-54.0089, 53.7435, 263
-7.76786, 51.6956, 290
-60, -26.2957, 336

-142.821, -28.4174, 344
-109.036, 44.4522, 284
-87.2143, 32.1391, 264
-53.8036, 53.5391, 262
-9, 51.3391, 288
-60, -21.913, 336

-142.406, -28.3348, 343
-112.045, 34.3304, 282
-91.0937, 29.9565, 265
-52.8348, 53.7435, 263
-6.54018, 49.6826, 293
-60, -24.8348, 336

-147, -26.8435, 343
-116.518, 29, 290
-89.375, 31.6522, 260
-53.8036, 53.5391, 262
-6.54018, 53.5043, 293
-61.683, -23.4435, 337

-150.5, -23.9304, 344
-113.411, 19.0435, 292
-89.7188, 29.5043, 261
-52.6339, 53.5391, 262
-5.23214, 54.7783, 293
-61.683, -21.9783, 337

-147, -23.8609, 343
-107.768, 16.0522, 284
-90.1875, 29.2783, 259
-52.433, 55.6043, 261
-3.96429, 54.0522, 296
-61.683, -21.9783, 337

-147.429, -22.4348, 344
-102.455, 8.21739, 270
-87.6562, 32.1522, 255
-51.2679, 57.8739, 261
-2.65179, 54.2348, 297
-57.1696, -21.9783, 337

-143.937, -23.8609, 343
-104.33, 4.95652, 285
-88, 34.5044, 256
-50.2946, 58.0956, 262
0, 53.8696, 295
-56.8304, -20.3913, 335

-153.571, -22.4348, 344
-99.9375, -2.37391, 273
-89.8393, 37.0174, 258
-52.8348, 61.7478, 263
0, 57.0087, 298
-58.8482, -19.1043, 338

-147.665, -22.2391, 341
-97.692, -6.02174, 277
-88.8929, 38.7304, 262
-54.4196, 63.3696, 265
-1.33929, 56.087, 300
-60, -17.5304, 336

-148.942, -23.4435, 337
-95.4241, -7.43478, 285
-87.2143, 40.1739, 264
-56.6518, 65.7391, 270
-4.01786, 58.6957, 300
-56.4911, -13.0304, 333

-150.893, -22.0435, 338
-95.6786, -7.35652, 282
-86.8839, 44.5957, 263
-59.3571, 68.6478, 277
-5.39286, 59.087, 302
-61.8661, -16.1652, 338

-155.732, -20.8174, 342
-94.4196, -7.35652, 282
-89.7321, 47.7739, 268
-61.25, 66.9565, 280
-5.48214, 60.0652, 307
-61.8661, -17.6348, 338

-150.893, -22.0435, 338
-92.5714, -11.2696, 288
-88.0714, 48.8435, 274
-62.1429, 70.6087, 290
-5.53571, 60.6522, 310
-62.8125, -8.73913, 335

-154.366, -22.1087, 339
-91.1786, -10.2957, 296
-88.75, 48.6957, 280
-62.5268, 71.2609, 298
-5.66071, 59.2652, 317
-62.2321, -16.2609, 340

-154.821, -20.6957, 340
-92.125, -9.37391, 308
-86.558, 51.313, 281
-61.8125, 69.3609, 301
-7.23214, 59.1652, 324
-64.3125, -17.8957, 343

-161.25, -25.4261, 344
-95.1161, -5.53043, 318
-86.8214, 57.2, 286
-61.4732, 70.513, 306
-7.25446, 59.3478, 325
-60.067, -15, 345

-159.375, -26.6087, 340
-100.161, 10.9913, 316
-89.5536, 60.2826, 295
-59.5089, 72.7826, 310
-8.89286, 63.513, 332
-67.1875, -10.6522, 350

-150.821, -22.8174, 328
-104.062, 20.5435, 315
-88.9821, 66.9652, 302
-59.25, 76.9391, 316
-7.36607, 64.5652, 330
-65.4375, -12.1391, 349

-140, -20.8696, 320
-105.469, 24.6522, 315
-88.6875, 66.7435, 301
-58.875, 77.8174, 314
-8.83929, 61.6957, 330
-62.3214, -9.10435, 349

-135.187, -16.1217, 309
-106.808, 29.1261, 319
-86.7634, 68.9, 299
-57.8393, 75.5652, 316
-10.3438, 60.4435, 331
-66.1875, -7.67391, 353

-128.964, -17.7478, 314
-107.143, 32, 320
-88.3929, 70.4348, 300
-56.9643, 76.2826, 319
-11.8929, 59.3609, 333
-66.1875, -7.67391, 353

-119.625, -14.7304, 308
-109.589, 39.3217, 323
-86.2857, 70.9043, 302
-54.8437, 78.0652, 315
-7.38839, 59.0043, 331
-66, -3.06087, 352

-107.5, -13.087, 301
-109.25, 46.2, 322
-84.4196, 74.1304, 310
-53.7768, 78.5609, 317
-8.89286, 59.1826, 332
-66, -7.65217, 352

-103.402, -13.6087, 313
-108.817, 46.6304, 325
-85.5268, 73.8913, 309
-55.0179, 78.313, 316
-10.3438, 59.0043, 331
-61.1116, -6.10435, 351

-96.25, -8.03478, 308
-114.812, 52.2783, 334
-88.2946, 81.8304, 319
-57.3214, 78.1565, 321
-13.2991, 57.5652, 331
-65.3438, -6.2087, 357

-93.3348, -9.22174, 303
-120.616, 56.5043, 342
-92.1696, 88.3174, 333
-60.2188, 81.5348, 329
-10.3438, 61.8826, 331
-63.9286, -6.22609, 358

-101.027, -8.08696, 310
-130, 66.4696, 364
-93.7321, 94.4348, 362
-60.7634, 86.4913, 349
-7.54464, 61.7217, 338
-63.9286, -6.22609, 358

-105.187, -9.31304, 306
-128.491, 67.3826, 369
-92.3705, 93.1174, 363
-61.9821, 88.2261, 356
-6.10714, 62.4522, 342
-61.808, -6.17391, 355

-108.844, -9.16087, 301
-130.58, 66.8478, 375
-93.5357, 99.5304, 388
-60.3929, 89.7739, 356
-6.08929, 63.7522, 341
-63.3929, -4.63043, 355

-107.259, -10.1913, 293
-131.643, 74.2261, 388
-88.9107, 98.2478, 383
-57.9688, 96.7826, 371
-8.73214, 62.3652, 326
-61.6339, -3.07826, 354

-110.25, -10.2261, 294
-127.518, 72.1652, 386
-85.6071, 99.7217, 376
-54.7946, 95.7435, 361
-11.1786, 57.1565, 313
-62.6786, -3.05217, 351

-109.308, -10.2609, 295
-126.527, 71.6043, 383
-83.2589, 100.548, 373
-50.8571, 97.513, 356
-15.8036, 48.7391, 295
-57.6473, -4.55217, 349

-108.567, -10.1913, 293
-126.446, 74.2261, 388
-81.8571, 102.974, 382
-50.2857, 99.4783, 352
-20.7857, 40.487, 291
-62.6786, -4.57826, 351

-108.567, -10.1913, 293
-121.397, 74.9348, 383
-79.7143, 103.513, 372
-49.6473, 95.2391, 337
-28.2366, 26.3043, 275
-59.0357, -3.02609, 348

-107.826, -11.387, 291
-119.063, 72.887, 381
-79.5, 108.074, 371
-51.1071, 91.2522, 318
-33.5089, 20.5478, 278
-60.7634, -4.55217, 349

-109.125, -10.1217, 291
-115.054, 77.4478, 379
-78, 104.452, 364
-52.5268, 89.8696, 318
-33.8705, 18.3261, 281
-60.7634, -3.03478, 349

-110.424, -10.1217, 291
-117.978, 78.2652, 383
-72.3214, 104.87, 360
-48.75, 86.8174, 312
-35.125, 14.6609, 281
-62.8571, -6.12174, 352

-113.411, -11.4261, 292
-117.67, 83.0435, 382
-73.3125, 103.996, 357
-49.5, 84.3652, 308
-37.3661, 12.1304, 279
-66.1875, -6.13913, 353

-112.701, -10.3304, 297
-112.848, 83.2609, 383
-72.0804, 103.774, 351
-50.8929, 76.9565, 300
-40.2857, 12.2609, 282
-64.7946, -7.69565, 354

-112.875, -11.5043, 294
-113.362, 84.0391, 379
-72.5982, 102.296, 346
-53.4464, 69.8261, 292
-36.8973, 17.3478, 285
-64.6116, -7.67391, 353

-114.714, -11.4261, 292
-112.763, 83.5957, 377
-75.9062, 101.083, 347
-54, 66.3652, 288
-34.625, 19.2696, 277
-67.9554, -9.23478, 354

-114.714, -11.4261, 292
-110.786, 86.6435, 376
-69.6161, 104.648, 339
-54.5179, 65.4435, 284
-32.9062, 21.3652, 273
-69.1429, -12.2435, 352

-115.353, -12.913, 297
-108.237, 87.5739, 373
-70.0804, 101.652, 334
-55.7857, 56.8, 284
-29.1429, 27.2, 272
-64.6116, -7.67391, 353

-117.321, -13.9652, 292
-110.196, 87.8087, 374
-71.5313, 96.6783, 327
-57.0536, 51.8609, 284
-23.75, 36.5217, 280
-61.2857, -6.12174, 352

-113.08, -14.2522, 298
-103.429, 86.5652, 362
-72.0982, 95.4957, 323
-57.5, 49.913, 280
-19.1518, 42.2783, 286
-64.7946, -12.313, 354

-113.08, -14.2522, 298
-104.571, 84.3391, 366
-72.4018, 94.0174, 318
-55.8482, 44.7217, 278
-16.4241, 45.5261, 283
-64.7946, -12.313, 354

-110.188, -15.7043, 301
-99.6429, 84.5217, 360
-74.2946, 90.1043, 314
-55.8571, 44.9391, 272
-15.2679, 45.8478, 285
-63.2143, -12.313, 354

-114.795, -13, 299
-99.0893, 84.0522, 358
-73.1116, 87.3261, 309
-54.2411, 44.6087, 270
-12.5893, 46.5913, 282
-64.6116, -10.7435, 353

-115.353, -15.4957, 297
-102.571, 70.2391, 359
-77.6786, 79.5652, 300
-51.75, 51.6, 276
-10.1071, 45.5261, 283
-64.9777, -15.4348, 355

-114.027, -15.4957, 297
3.2001e+007, 3.2001e+007, 3.2001e+007
-77.2232, 70.3565, 279
-51.2545, 53.4, 267
-7.55357, 47.8174, 282
-64.7946, -13.8522, 354

-113.46, -15.6, 299
3.2001e+007, 3.2001e+007, 3.2001e+007
-79.4375, 68.6304, 287
-48.2143, 59.8696, 270
-6.42857, 47.5826, 288
-64.7946, -12.313, 354

-115.353, -15.4957, 297
3.2001e+007, 3.2001e+007, 3.2001e+007
-83.0893, 62.5304, 282
-48.75, 64.0957, 273
-6.42857, 47.5826, 288
-60.9375, -13.6957, 350

-115.5, -15.3391, 294
-89.5, 87.1652, 358
-81.25, 62.087, 280
-49.7857, 62.6783, 272
-3.83036, 48.4957, 286
-59.7143, -16.8348, 352

-114.411, -16.8435, 298
-91.9241, 84.9739, 349
-80, 56, 280
-48.0089, 70.1348, 283
-2.5625, 48.6652, 287
-64.4286, -15.3043, 352

-114.027, -18.0783, 297
-91.3973, 84.487, 347
-81.3214, 54, 276
-44.8393, 69.1435, 279
2.625, 49.8522, 294
-61.1116, -16.787, 351

-118.402, -22.0261, 298
-94.5982, 80.7913, 326
-80.0893, 49.2, 276
-43.75, 70.6087, 280
3.97768, 52.9435, 297
-59.375, -13.6957, 350

-129.911, -23.4783, 300
-100.161, 75.5652, 316
-80.1429, 44.9391, 272
-43.75, 68.1739, 280
6.69643, 52.1739, 300
-59.2054, -15.1739, 349

-136.567, -26.8696, 309
-102.982, 71.4435, 316
-78, 40.3565, 273
-43.5938, 66.7174, 279
6.74107, 49.8956, 302
-59.2054, -18.2087, 349

-140.625, -27.3913, 315
-105.509, 59.2826, 303
-77.4777, 39.4696, 267
-42.1964, 65.2696, 278
4.09821, 49.2261, 306
-62.6786, -21.3652, 351

-145.259, -23.5783, 319
-104.643, 50.9565, 293
-73.0714, 39.0261, 264
-40.808, 65.0348, 277
8.08929, 49.8956, 302
-59.0357, -18.1565, 348

-144.737, -22.3304, 321
-104.866, 49.1739, 290
-75.7143, 40.3261, 265
-39.7143, 65.2696, 278
5.41071, 47.4261, 303
-57.6473, -19.7261, 349

-141.429, -22.9565, 330
-107.625, 39.6261, 294
-72.5178, 42.1478, 262
-37.3661, 64.2913, 279
8.16964, 50.3913, 305
-60.9375, -19.7826, 350

-146.29, -23.0261, 331
-105.429, 36.313, 288
-75.7143, 47.2391, 265
-39.7143, 65.2696, 278
8.33036, 48.6783, 311
-62.1429, -21.1826, 348

-145.067, -21.8478, 335
-98.8929, 28.4, 284
-78.6696, 52.2391, 267
-35.9911, 66.4783, 278
8.30357, 51.2174, 310
-59.0357, -16.6435, 348

-143.143, -18.8783, 334
-94.8348, 12.6522, 291
-79.7991, 60.9783, 275
-35.9911, 66.4783, 278
9.71875, 51.3826, 311
-58.8661, -18.1043, 347

-143.518, -16.3565, 342
-91.2857, 9.87826, 284
-79.7991, 60.9783, 275
-40, 69.3913, 280
7.00893, 51.8783, 314
-54.0625, -21.0609, 346

-142.679, -13.3043, 340
-83.4777, 2.35652, 271
-78, 60.5348, 273
-42.6518, 69.6391, 281
4.23214, 52.2087, 316
-57.4821, -15.1304, 348

-140.33, -8.81739, 338
-83.4821, 2.3913, 275
-79.2188, 60.5348, 273
-43.1071, 71.6174, 284
5.75, 54.6, 322
-55.7679, -18.1043, 347

-135.946, -7.19565, 331
-88.0982, -2.48696, 286
-80.7321, 61.9478, 274
-45, 72.6261, 288
2.88393, 54.7696, 323
-60.7634, -13.6565, 349

-132.991, -2.87826, 331
-88.0982, -1.24348, 286
-81.6562, 60.5348, 273
-48.2321, 74.9043, 292
2.89286, 57.7565, 324
-61.1116, -15.2609, 351

-132.188, -2.86087, 329
-88.0357, -3.78261, 290
-82.2545, 58.587, 275
-50.0446, 71.8261, 295
0, 58.4696, 328
-60.5893, -16.6435, 348

-127.393, -2.85217, 328
-88.9464, -3.82174, 293
-82.8527, 54.1957, 277
-51.7857, 69.3478, 290
-1.45089, 56.5217, 325
-62.5, -18.2609, 350

-126.107, -4.18696, 321
-85.7411, -6.32609, 291
-81.0268, 52.6087, 275
-49.5357, 71.0956, 292
-1.45089, 57.9348, 325
-64.4286, -18.3652, 352

-122.179, -10.8174, 311
-91.4866, -3.87391, 297
-83.4509, 52.1609, 279
-51.0134, 68.7913, 293
-1.46429, 58.4696, 328
-62.6786, -10.6826, 351

-111.902, -7.87826, 302
-94.375, 1.31304, 302
-81.9107, 51.9739, 278
-50.6652, 69.587, 291
-2.99107, 59.7174, 335
-66.375, -13.8522, 354

-103.125, -9.13044, 300
-99.3973, 15.913, 305
-83.4821, 58.587, 275
-51.9643, 68.3217, 291
-6.03571, 58.7826, 338
-67.7634, -9.2087, 353

-99.4375, -10.4696, 301
-102.79, 21.3565, 307
-84.3929, 60.4348, 278
-51.25, 71.1261, 287
-4.44643, 57.7391, 332
-64.4286, -9.18261, 352

-95.1429, -7.72174, 296
-103.469, 30.1, 301
-84.6964, 61.8652, 279
-55.3125, 70.5435, 295
-6.03571, 60.2522, 338
-67.1875, -6.08696, 350

-91.5625, -8.91739, 293
-108.906, 43.6739, 287
-83.4509, 65.5043, 279
-54.9375, 72.613, 293
-8.97321, 59.7174, 335
-60.9375, -12.1739, 350

-88.4062, -7.48696, 287
-118.402, 51.8261, 298
-85.2455, 70.6304, 285
-57.3973, 75.4, 299
-8.94643, 60.9913, 334
-60.4152, -6.03478, 347

-84.1518, -10.087, 290
-123.214, 57.3913, 300
-88.9464, 75.1609, 293
-56.0625, 78, 299
-8.97321, 61.1739, 335
-63.6964, -9.07826, 348

-81.6964, -9.13044, 300
-125.799, 61.9174, 303
-90.7679, 81.9, 299
-57.1875, 79.5652, 305
-10.7187, 61.1435, 343
-63.5134, -4.52609, 347

-81.7143, -8.70435, 286
-134.674, 59.4956, 311
-102.656, 86.2826, 315
-65.7143, 82.087, 320
-15.0893, 63.1913, 338
-61.9643, -6.03478, 347

-80.2679, -8.82609, 290
-135.625, 59.3043, 310
-103.5, 88.2, 322
-68.6116, 85.3043, 327
-19.125, 66.7435, 357
-61.7857, -3.0087, 346

-79.7143, -8.76522, 288
-138.777, 62.8, 314
-107.545, 87.5217, 330
-70.9196, 85.2348, 338
-19.125, 65.1913, 357
-60.4152, -6.03478, 347

-82.1205, -7.38261, 283
-137.375, 61.4348, 314
-112.321, 88.6957, 340
-71.7589, 87.7304, 342
-16.0714, 64.1739, 360
-61.7857, -6.01739, 346

-82.4107, -4.93913, 284
-134.705, 61.4087, 321
-109.607, 88.9565, 341
-71.4643, 87.7565, 348
-14.2634, 63.2826, 355
-64.0625, -4.56522, 350

-85.4464, -2.52174, 290
-137.009, 63.1304, 330
-108.438, 90.5217, 347
-72.4911, 89.0174, 353
-12.5357, 67.1478, 351
-62.1429, -4.53913, 348

-89.0223, -2.51304, 289
-141.286, 62.8174, 344
-108.375, 88.4739, 357
-69.5357, 87.7304, 354
-14.9554, 65.5435, 335
-62.1429, -4.53913, 348

-96.7634, -3.76957, 289
-139.857, 60.3652, 356
-106.286, 92.1913, 372
-68.7232, 91.8348, 358
-22.5402, 49.0696, 297
-66.1875, -6.13913, 353

-96.1339, -5.06087, 291
-139.875, 61.6261, 373
-106.857, 91.0609, 374
-69.2991, 97.313, 361
-28.2187, 43.187, 301
-67.7634, -4.60435, 353

-100.634, -8.79565, 289
-135.964, 62.1217, 376
-101.031, 91.9435, 371
-67.9643, 93.2696, 346
-32.8125, 34.513, 294
-66.5625, -1.54348, 355

-116.906, -13.087, 301
-137.5, 65.2826, 385
-99.6429, 97.0435, 372
-70.875, 84.5217, 324
-42.1339, 14.9217, 286
-65.1607, -6.1913, 356

-120.656, -16.787, 297
-136.152, 68, 391
-99.942, 98.9304, 367
-71.875, 85.4, 322
-46.9286, 5.07826, 292
-64.7946, -12.313, 354

-127.746, -19.2391, 295
-136.839, 67.4783, 388
-98.8527, 99.4304, 363
-70.7589, 81.3174, 317
-41.692, 8.61304, 283
-68.7232, -6.22609, 358

-130.812, -20.8, 299
-134.759, 68.987, 387
-104.571, 100.252, 366
-66.8571, 78.6783, 312
-36.25, 14.6087, 280
-66.75, -9.28696, 356

-141.616, -27.0435, 311
-132.688, 68.8087, 386
-102.571, 98.3348, 359
-63.0446, 76.0826, 307
-30.1071, 25.6565, 281
-63.2143, -6.15652, 354

-138.393, -26.9565, 310
-129.607, 73.0783, 382
-100.857, 98.2261, 353
-57.5893, 73.0435, 300
-22.5, 38.9565, 280
-61.6339, -4.61739, 354

-140.987, -27.7391, 319
-128.929, 72.6957, 380
-96.0446, 98.0652, 347
-57.1607, 67.0565, 291
-13.3036, 53.1217, 298
-66.9375, -7.76087, 357

-138.429, -28.087, 323
-127.232, 75, 375
-93.4063, 98.4261, 343
-54.1875, 61.5696, 289
-7.82143, 49.513, 292
-61.6339, -9.23478, 354

-150.723, -31.6609, 331
-126.554, 79.4652, 373
-96.6429, 91.2696, 328
-53.25, 58.0348, 284
-6.54018, 49.6826, 293
-65.1607, -13.9304, 356

-143.335, -28.7826, 331
-126.844, 78.613, 369
-97.2321, 90.3913, 330
-55.3929, 52.7217, 282
-2.625, 47.2957, 294
-63.3929, -16.9783, 355

-145.286, -26.5304, 339
-122.482, 80.0478, 361
-96.8393, 88.7652, 319
-54.0179, 52.6087, 275
-1.28571, 46.3304, 288
-59.7143, -13.7739, 352

-145.196, -24.0696, 346
-121.54, 83.6478, 363
-94.817, 88.2087, 317
-52.2143, 50.8522, 272
0, 46.3304, 288
-60.9375, -16.7391, 350

-150.312, -19.3043, 370
-123.616, 80.2609, 355
-96.875, 82.2174, 310
-53.0357, 51.6522, 270
2.59821, 46.813, 291
-66, -16.8348, 352

-143.317, -16.0435, 369
-122.379, 78.4522, 347
-98.3571, 79.8261, 306
-53.0357, 48.1304, 270
5.30357, 47.7783, 297
-60.4152, -16.5957, 347

-141, -13.0783, 376
-124.286, 77.1652, 348
-97.0982, 74.3913, 290
-51.2545, 48.7565, 267
3.87054, 49.0043, 289
-61.9643, -19.613, 347

-140.25, -11.3826, 374
-113.929, 65.187, 319
-103.125, 70.4348, 300
-54.442, 45.9522, 271
2.5625, 47.4174, 287
-60.2411, -15.0435, 346

-137.643, -9.80869, 376
-107.857, 74.8435, 302
-102.857, 63.8609, 288
-57.6429, 45.613, 269
0, 47.913, 290
-59.0357, -16.6435, 348

-137.643, -9.80869, 376
-111.652, 72.9348, 305
-103.232, 51.4957, 282
-57.2143, 45.2739, 267
3.88393, 46.6522, 290
-61.1116, -16.787, 351

-139.473, -8.28261, 381
-111.531, 69.3609, 301
-100.415, 41.2391, 271
-56.5714, 45.913, 264
3.87054, 49.0043, 289
-62.3214, -16.6913, 349

-135.714, -9.91304, 380
-116.116, 65.1913, 306
-101.897, 35.8696, 275
-58.7054, 45.7391, 263
2.59821, 49.3435, 291
-66.8036, -19.6696, 348

-137.772, -8.28261, 381
-113.839, 60, 300
-101.527, 30.9739, 274
-58.7054, 45.7391, 263
2.5625, 47.4174, 287
-60.9375, -16.7391, 350

-143.027, -3.35652, 386
-117.071, 51.8261, 298
-99.375, 21.8913, 265
-61.9821, 39.4696, 267
2.58929, 49.1739, 290
-62.3214, -18.2087, 349

-139.107, -4.95652, 380
-108.362, 38.8174, 279
-97.1429, 14.1913, 272
-62.9196, 26.1, 261
2.5625, 47.4174, 287
-67.1875, -21.3043, 350

-139.107, -4.95652, 380
-109.42, 23.5435, 285
-91.6071, 5.86957, 270
-63.1429, 18.9217, 272
-1.28571, 48.8348, 288
-66.9955, -18.2087, 349

-142.679, -4.90435, 376
-108.036, 11.9565, 275
-91.6071, 3.71739, 285
-62.6116, 16.7391, 275
-1.28125, 47.4174, 287
-61.1116, -19.8391, 351

-150.982, -4.95652, 380
-113.022, 8.85652, 291
-88.4062, -3.74348, 287
-61.8304, 14.4522, 277
-3.88393, 45.3913, 290
-65.4375, -21.2435, 349

-153.563, -6.57391, 378
-109.527, 7.35652, 282
-84.6473, 4.92174, 283
-61.0313, 14.5565, 279
-7.92857, 45.0435, 296
-68.75, -21.3043, 350

-152.33, -7.8913, 363
-110.853, 8.4913, 279
-86.7411, 22.6957, 290
-58.5268, 26.0217, 285
-23.2411, 21.4435, 274
-68.75, -19.7826, 350

-149.393, -10.8348, 356
-112.098, 14.5565, 279
-87.0536, 35.2174, 300
3.2001e+007, 3.2001e+007, 3.2001e+007
-26.4196, 14.0348, 269
-70.9152, -15.3478, 353

-150.232, -9.33913, 358
-115.402, 20.3261, 275
-87.7902, 40.8913, 285
-63.1696, 49.2174, 283
3.2001e+007, 3.2001e+007, 3.2001e+007
-67.1875, -24.3478, 350

-149.879, -12.5565, 361
-116.661, 24.1739, 278
-90.6518, 53.4696, 286
-62.2768, 57.013, 279
-34.75, -4.83478, 278
-67.5714, -22.9565, 352

-150.652, -14.0478, 359
-122.116, 34.3304, 282
-93.75, 64.5217, 280
-63.75, 59.6522, 280
-39.3571, -10.5739, 304
-70.5134, -25.9435, 351

-156.759, -15.7391, 362
-125.58, 52.9565, 290
-95.4732, 75.3913, 289
-64.0714, 58.8, 276
-46.5625, -25.913, 298
-71.1161, -26.1652, 354

-158.813, -15.7826, 363
-131.348, 68.0435, 313
-93.2143, 79.4348, 290
-65.2321, 48.8696, 281
-49.1786, -34.5913, 306
-71.317, -26.2391, 355

-148.219, -17.0739, 357
-130, 69.5652, 320
-97.4554, 79.5217, 295
-69.4688, 32.0478, 273
-52.7589, -40.5652, 311
-75.2143, -28.9957, 351

-148.219, -18.6261, 357
-130.429, 70.7304, 332
-100.446, 76.9565, 300
-72.9821, 22.1391, 268
-52.9286, -40.6957, 312
-77.2187, -29.1609, 353

-150.232, -18.6783, 358
-130.821, 70.9435, 333
-101.446, 75.4, 299
-72.0536, 16.3739, 269
-53.6071, -42.5913, 316
-72.2857, -27.5478, 352

-155.571, -17.3609, 363
-129.335, 70.9435, 333
-101.107, 75.1478, 298
-72.5893, 12.9609, 271
-55.8884, -43.2652, 321
-71.1161, -33.8609, 354

-151.911, -18.887, 362
-130.888, 73.2609, 337
-102.125, 74.5957, 301
-71.9821, 7.25217, 278
-54.4554, -41.8696, 321
-69.7321, -32.413, 355

-156, -17.4087, 364
-130.888, 73.2609, 337
-106.509, 72.2174, 302
-68.5, -4.76522, 274
-54.4554, -43.2652, 321
-71.317, -33.9565, 355

-151.955, -19.0957, 366
-132, 68.6609, 336
-104.464, 66.5217, 300
-66.1607, -16.1087, 285
-48.875, -36.4, 322
-69.5357, -33.8609, 354

-153.17, -15.8696, 365
-133.5, 75.9652, 336
-108.723, 59.4, 297
-66.5179, -23.3217, 298
-50.625, -35.2174, 324
-66.1875, -38.3696, 353

-147.875, -17.4087, 364
-120.554, 68.2609, 314
-105.098, 44.0522, 298
-68.6875, -34.1304, 314
-47.8795, -31.087, 325
-64.4286, -41.3217, 352

-157.286, -19.1478, 367
-134.295, 73.4783, 338
-100.415, 31.813, 271
-66.5, -27.7565, 304
-49.1786, -28.1739, 324
-87.6563, -27.9391, 357

-149.911, -15.8696, 365
-131.607, 72.8261, 335
-101.219, 23.7087, 287
-64.2054, -33.2609, 306
-50.9375, -17.0087, 326
-59.375, -38.0435, 350

-148.281, -17.4565, 365
-129.335, 73.8391, 333
-99.5893, 18.6522, 286
-66.9375, -21.287, 306
-48.875, 5.6, 322
-60.9018, -29.6565, 359

-150.732, -15.9565, 367
-131.607, 71.3696, 335
-98.3929, 11.3478, 290
-67.8571, -14.5391, 304
-46.9018, 17.4652, 309
-71.6964, -26.9783, 365

-151.143, -16, 368
-138.821, 72.0087, 338
-95.4732, 7.53913, 289
-66.9375, -3.83478, 294
-39.9107, 33.687, 298
-75.3661, -25.5304, 367

-151.554, -16.0435, 369
-137.009, 61.6957, 330
-91.9286, 2.48696, 286
-66.2946, 3.87391, 297
-34.0402, 46.413, 305
-71.6964, -20.6304, 365

-149.906, -17.6478, 369
-133.866, 48.5435, 319
-90.1607, -3.87391, 297
-64.3125, 16.6174, 294
-31.3304, 58.2522, 319
-71.9196, -17.1217, 358

-152.375, -16.1304, 371
-124.969, 41.8783, 301
-86.7411, -5.04348, 290
-66.0714, 20.5913, 296
-28.125, 61.6304, 315
-71.7187, -18.6261, 357

-149.906, -16.0435, 369
-122.545, 29.1739, 305
-83.1429, -6.32609, 291
-64.0938, 22.9304, 293
-23.9821, 64.5739, 316
-71.9196, -17.1217, 358

-149.906, -14.4391, 369
-115.946, 19.6957, 302
-82.4821, -1.29565, 298
-64.0714, 27.3, 299
-22.7143, 62.2174, 318
-73.7232, -17.1696, 359

-152.786, -16, 368
-113.482, 12.1304, 310
-87.3437, 6.54348, 301
-62.7857, 25.4783, 293
-19.3839, 65.3478, 334
-73.5179, -18.6783, 358

-147.455, -23.9348, 367
-105.795, 11.3087, 289
-83.5893, 10.5043, 302
-63.4286, 28.313, 296
-17.7857, 66.4, 332
-70.9107, -18.8348, 361

-160.656, -14.5174, 371
-106.786, 3.9, 299
-83.8661, 13.1739, 303
-62.1071, 32.1739, 296
-16.2054, 63.1304, 330
-73.5179, -23.3478, 358

-152.75, -14.2435, 364
-102.857, 1.25217, 288
-80.5982, 21.287, 306
-62.7366, 32.5, 299
-7.29911, 56.8696, 327
-74.9063, -13.9696, 357

-156.857, -12.7304, 366
-100.429, -2.57391, 296
-78.7143, 21.1478, 304
-59.3214, 34.1391, 302
-7.38839, 50.3696, 331
-72.9018, -13.8913, 355

-161.317, -15.8696, 365
-99.2411, -1.23913, 285
-80.3348, 33.1522, 305
-57.5625, 40.0435, 307
-7.20982, 51.9609, 323
-69.7321, -12.3478, 355

-158.482, -18.5217, 355
-100.982, 1.26087, 290
-80.0089, 34.9304, 309
-58.6875, 46.2696, 313
-5.78571, 47.8957, 324
-68.5312, -12.4174, 357

-152.286, -27.0957, 328
-102.375, 10.2261, 294
-79.9018, 42.3217, 314
-57.2902, 46.2696, 313
-10.125, 45.0783, 324
-69.7321, -12.3478, 355

-138.571, -30.6087, 320
-108.929, 29.1739, 305
-80.7857, 46.1217, 312
-57.6563, 45.1957, 315
-15.5179, 34.3478, 316
-72.1205, -14.0478, 359

-126.964, -28.8522, 316
-111.737, 34.9304, 309
-80.4107, 48.087, 316
-54.4955, 46.2696, 313
-16.7143, 27.1304, 312
-66.75, -10.8348, 356

-114.125, -26.7826, 308
-114.978, 43.4739, 303
-83.8393, 51.713, 313
-55.5357, 48.6783, 311
-21.3571, 18.2, 299
-70.125, -15.5217, 357

-105.857, -25.113, 304
-124.955, 47.3261, 311
-85.2366, 53.0739, 313
-61.0893, 54.087, 311
-22.1607, 19.0435, 292
-63.0357, -10.7435, 353

-92.8705, -24.2043, 293
-132.027, 53.9217, 318
-85.7813, 57.5217, 315
-57.375, 59.8696, 306
-21.0714, 17.9565, 295
-68.1473, -12.3478, 355

-87.3393, -21.5826, 292
-134.241, 57.9565, 310
-90.75, 72.313, 308
-60.3036, 72.0783, 307
-11.4107, 28.4, 284
-64.6116, -9.2087, 353

-84, -17.8957, 294
-141.871, 65.5956, 321
-98.6607, 90.4348, 325
-61.3125, 86.7261, 327
-7.875, 42.1826, 294
-62.8571, -12.2435, 352

-83.8616, -15.0783, 289
-134.714, 65.6, 328
-97.808, 93.8348, 327
-60.75, 85.9304, 324
-5.44643, 50.3913, 305
-62.5, -10.6522, 350

-85.4286, -14.3, 299
-135.804, 63.1913, 338
-99.8839, 92.8565, 339
-58.3884, 85.9913, 319
-5.57143, 54.2609, 312
-67.3795, -12.2087, 351

-107.25, -10.713, 308
-141.174, 64.6043, 381
-94.6607, 84.7565, 342
-58.5714, 84.1391, 328
-12.6964, 56.3304, 316
-70.5134, -10.6826, 351

-130.781, -13.6957, 315
-137.098, 61.1304, 370
-97.4286, 87.2348, 352
-60.7679, 86.6087, 332
-21.1429, 50.1913, 296
-73.6473, -9.15652, 351

-144.08, -15.5913, 326
-136.687, 59.1652, 378
-98.5804, 88.1391, 362
-66.0357, 88.2435, 344
-32.8125, 43.4609, 294
-75.6429, -9.2087, 353

-154.656, -19.387, 343
-136.071, 61.2913, 381
-99.942, 92.5478, 367
-73.3125, 86.8, 322
-48.75, 24.3478, 280
-79.2411, -13.8913, 355

-156.455, -18.4696, 354
-134.723, 63.113, 382
-103.714, 93.1174, 363
-78.3482, 79.1304, 325
-58.7321, -1.24348, 286
-81.0536, -18.5739, 356

-154.161, -18.5739, 356
-138.241, 69.0435, 397
-103.429, 97.5826, 362
-81.0446, 70.7652, 313
-66.0714, -15.4435, 296
-86.9196, -30.7826, 354

-153.589, -19.0957, 366
-132.688, 70.487, 386
-101.714, 97.513, 356
-80.8929, 65.6522, 302
-68.5312, -18.3217, 301
-72.9018, -33.9565, 355

-149.5, -20.8, 368
-134.357, 77.4783, 396
-104.688, 93.2174, 335
-86.558, 45.2043, 281
-68.0759, -22.1, 299
-90.5, -15.7391, 362

-150.67, -19.5652, 375
-137.196, 75.3739, 394
-104.688, 91.7609, 335
-86.8214, 34.8174, 286
-66.7411, -19.5, 299
-81.5089, -35.8, 358

-153.607, -19.513, 374
-139.643, 71.4, 391
-109.152, 83.6261, 326
-86.875, 20.5478, 278
-62.7857, -6.36957, 293
-82.4196, -23.6087, 362

-149.92, -18.4609, 386
3.2001e+007, 3.2001e+007, 3.2001e+007
-116.348, 79.1826, 314
-84.7098, 5.97826, 275
-56.7679, 11.3087, 289
-80.5804, -23.5435, 361

-152.571, -15.0261, 384
-119.339, 76.5391, 326
-119.987, 49.0043, 289
-82.2054, 2.42609, 279
-45.1607, 36.6522, 281
-77.1429, -28.1739, 360

-152.174, -16.6522, 383
-123.375, 74.3826, 329
-117.92, 34.2087, 281
-80.2857, 7.33043, 281
-36.5, 45.7043, 292
-77.7857, -26.8304, 363

-149.92, -16.7826, 386
-128.857, 67.0261, 328
-119.438, 25.5652, 294
-80.5714, 13.487, 282
-29.2679, 51.8261, 298
-77.7857, -18.9391, 363

-149.92, -15.1043, 386
-133.866, 59.6391, 319
-111.857, 21.287, 288
-78.8571, 19.2, 276
-24.9911, 55.4391, 311
-79.625, -20.5739, 364

-149.92, -15.1043, 386
-136.607, 47.8957, 306
-107.388, 17.2261, 283
-72.3214, 37.5652, 270
-22.2143, 56.7913, 311
-76.1652, -18.9391, 363

-150.5, -15.3391, 392
-131.25, 31.9565, 294
-105.357, 26.9348, 295
-73.75, 51.1304, 280
-13.9286, 56.9739, 312
-72.3214, -15.6522, 360

-149.348, -13.5304, 389
-124.286, 18.913, 290
-102.143, 38.5478, 286
-71.75, 63.6391, 287
-12.4955, 56.7913, 311
-72.3214, -14.087, 360

-151.085, -13.5304, 389
-115.223, 5.04348, 290
-103.42, 44.7652, 286
-72.1875, 63.913, 294
-13.9286, 56.9739, 312
-67.9554, -12.313, 354

3.2001e+007, 3.2001e+007, 3.2001e+007
-113.536, -5.02609, 289
-107.455, 51.6956, 290
-69.9107, 65.5652, 290
-13.9732, 58.5174, 313
-70.125, -15.5217, 357

-153.563, -1.64348, 378
-108.906, -4.9913, 287
-105.75, 51.4957, 282
-72.3214, 70.4348, 300
-14.1518, 60.6435, 317
-77.1429, -12.5217, 360

-152.375, -1.61304, 371
-106.893, -6.34783, 292
-107.085, 52.7739, 289
-71.1161, 71.8261, 295
-12.8571, 61.2174, 320
-69.7321, -12.3478, 355

-151.714, -4.61739, 354
-105.951, -8.91739, 293
-106.629, 51.313, 281
-70.9822, 74.3478, 300
-14.2857, 61.2174, 320
-64.9777, -12.3478, 355

-151.714, -3.07826, 354
-104.696, -7.46087, 286
-104.25, 51.9739, 278
-70.5714, 74.0174, 304
-12.8973, 61.4087, 321
-71.317, -12.3478, 355

-93.2143, -18.913, 290
-119.844, 20.5217, 295
-107.991, 62.8478, 295
-69.875, 79.8304, 301
-13.0982, 60.9478, 326
-74.4866, -10.8043, 355

-93.5357, -20.2435, 291
-122.549, 30.7609, 283
-106.674, 70.5435, 295
-70.125, 84.3652, 308
-16.3527, 60.8087, 333
-63.3929, -10.8043, 355

-94.8214, -21.8043, 295
-132.589, 49.5652, 300
-105.875, 80.3478, 308
-70.5357, 85.1826, 316
-15.0446, 61.5391, 337
-69.9286, -10.8348, 356

-95.1607, -22.8522, 292
-133.437, 58.3478, 305
-102.455, 81.1565, 306
-71.4286, 84.8696, 320
-16.6964, 63.5652, 340
-68.3393, -10.8348, 356

-95.1607, -26.6609, 292
-144.964, 69.8783, 328
-106.473, 88.4869, 318
-74.4509, 85.3043, 327
-16.9911, 64.687, 346
-67.9554, -4.61739, 354

-98.0536, -27.6435, 289
-142.187, 66.413, 325
-109.487, 90.9913, 327
-75.4464, 86.7043, 338
-20.3705, 62.5696, 351
-63.75, -7.76087, 357

-111.375, -36.1565, 297
-142.714, 66.6, 333
-108.964, 89.9087, 339
-79.0045, 87.5043, 347
-20.8929, 64.1739, 360
-65.1607, -9.28696, 356

-131.21, -34.2522, 303
-140.33, 66.1304, 338
-109.987, 92.0304, 347
-75.2143, 90.0391, 351
-20.9509, 65.9217, 361
-68.1473, -4.63043, 355

-160.179, -25.5, 345
-141.83, 67.5304, 353
-110.893, 92.3478, 360
-78.5313, 85.8478, 359
-22.625, 62.9565, 362
-66.9375, -4.65652, 357

-162.772, -20.4043, 361
-143.973, 63.587, 375
-110.071, 89.6, 368
-78.2143, 87.2826, 365
-24.6429, 65.6, 368
-70.7143, -4.69565, 360

-160.304, -18.2696, 382
-147.473, 69.2174, 398
-111.964, 90.8696, 380
-80.3571, 89.6739, 375
-31.3839, 65.9565, 370
-73.3259, -9.52174, 365

-163.464, -19.0348, 398
-152.71, 71.5391, 433
-106.339, 94.9348, 397
-77.625, 90.3913, 378
-34.4732, 64.0957, 351
-86.125, -4.83913, 371

-170.036, -14.4, 414
-145.205, 74.3348, 417
-107.973, 105.157, 417
-77.625, 90.3913, 378
-52.6563, 61.5391, 337
-92.8125, -3.28696, 378

-165.844, -11.1391, 427
-142.714, 78.887, 432
-107.455, 104.652, 415
-80.3571, 92.9348, 375
-68.1429, 48.3913, 318
-96, -1.66957, 384

-162.75, -9.43478, 434
-139.821, 83.2174, 435
-94, 96.4522, 376
3.2001e+007, 3.2001e+007, 3.2001e+007
-98.4196, 34.1391, 302
-103.125, -15.0652, 385

3.2001e+007, 3.2001e+007, 3.2001e+007
-137.562, 83.0261, 434
-99.9464, 100.696, 386
-103.714, 90.2957, 352
-113.384, 19.9565, 306
-111.143, -11.8391, 389

-168.545, -9.54348, 439
-115.844, 83.5174, 337
-105.933, 108.243, 389
-105.915, 85.6957, 365
-126.161, 8.1913, 314
-112.286, -23.9217, 393

3.2001e+007, 3.2001e+007, 3.2001e+007
3.2001e+007, 3.2001e+007, 3.2001e+007
-114.897, 102.17, 373
-126.75, 74.9478, 338
-131.384, -7.1087, 327
-102.589, -21.6478, 383

-161.652, -3.70435, 426
3.2001e+007, 3.2001e+007, 3.2001e+007
-140.987, 61.0261, 319
-134.504, 97.8522, 363
-134.875, -25.9826, 332
-112.286, -30.7565, 393

-172.911, -7.32174, 421
3.2001e+007, 3.2001e+007, 3.2001e+007
-148.554, 95.4261, 354
-146.25, 50.6739, 315
-123, -35.6522, 328
-107.393, -33.7391, 388

-186, -9.43478, 434
3.2001e+007, 3.2001e+007, 3.2001e+007
-156.009, 85.7478, 346
-146.696, 43.1304, 310
-124.125, -40.2956, 331
-110.571, -33.6522, 387

-186.857, -13.2696, 436
3.2001e+007, 3.2001e+007, 3.2001e+007
-162.411, 81.3043, 340
-149.062, 36.9783, 315
-120.312, -41.087, 350
-104.299, -33.3043, 383

-184.911, -42.9565, 380
-192.804, 52.3304, 354
-147, 44.7391, 294
-123.214, -41.6, 368
-76.7277, -13.187, 337
-103.754, -38.1, 381

-178.75, -49.0609, 364
-192.679, 40.4174, 332
-140.156, 39, 299
-86.0357, 24.1217, 292
-67.1563, 30.7, 307
-101.25, -29.5826, 378

-163.013, -59.7174, 335
-156.429, 22.8522, 292
-106.629, 34.2087, 281
-100.375, 50.887, 308
-105.143, 65.6, 368
-103.241, -29.1913, 373

-162.04, -63.7043, 333
-142.089, 20.313, 292
-97.1518, 26.687, 279
-101.42, 50.7217, 307
-107.076, 59.3609, 369
-101.857, -25.6, 368

-157.156, -62.9391, 329
-125.799, 13.3435, 279
-100.781, 20.9391, 301
-98.3571, 50.5565, 306
-102.964, 54.9913, 372
-95.2857, -22.4, 368

-159.107, -63.1304, 330
-106.482, 11.6522, 268
-85.3259, 24.087, 277
-95.0893, 50.8696, 300
-101.848, 53.6609, 374
-97.7679, -17.4565, 365

-146.625, -57.4, 322
-98.192, 11.5217, 265
-83.0893, 23.2957, 282
-96.5625, 48.3652, 309
-100.446, 52.1739, 375
-90.5, -25.1826, 362

-121.978, -50.7217, 307
-83.4375, 6.96522, 267
-80.8571, 24.6087, 283
-92.8929, 50.5565, 306
-96.6964, 52.8696, 380
-86.125, -23.7391, 364

-91.25, -38.9565, 280
-80.1607, 8.15652, 268
-75.8036, 30.7609, 283
-86.8571, 51.5478, 304
-92.3304, 54.9522, 383
-72.5223, -28.2522, 361

-65.6964, -33.2217, 283
-79.5089, 11.913, 274
-76.6071, 33.5739, 286
-83.8393, 55.7956, 313
-84, 58.4348, 384
-67.875, -17.313, 362

-42.5, -24.8348, 272
-88.4062, 28.7, 287
-82.7679, 47.0217, 309
-79, 60.4522, 316
-75, 67.8261, 400
-71.3036, -3.15652, 363

-32.0357, -24, 276
-94.4196, 34.3304, 282
-90.4643, 55.713, 298
-78.8304, 66.8217, 327
-71.2098, 69.3522, 409
-62.8527, -3.13913, 361

-25.4062, -22.387, 271
-104.504, 37.6957, 289
-103.732, 66.8957, 314
-81.9375, 68.6, 322
-62.8393, 62.9, 391
-55.25, -7.91304, 364

-22.5, -21.913, 280
-114.188, 38.3478, 294
-107.893, 67.7478, 318
-85, 69.4783, 340
-56.4286, 61.8261, 395
-59.7946, -6.29565, 362

-20.7857, -21.5087, 291
-122.545, 38.4565, 305
-111.625, 65.8, 329
-89.317, 70.2, 351
-52.692, 58.3957, 407
-47.3839, -4.77391, 366

-22.9821, -21.1391, 286
-129.375, 37.8, 322
-116.518, 66.5739, 348
-87.75, 69.6348, 364
-43.433, 62.5304, 423
-49.1518, -7.97826, 367

-36.7946, -24.8087, 317
-134.295, 36.7391, 338
-119.277, 66.8348, 366
-89.375, 75.3261, 385
-33.3482, 64.9565, 415
-38.6071, -4.90435, 376

-58.875, -19.113, 314
-143.317, 33.6913, 369
-120.763, 62.9478, 381
-88.3393, 72.5391, 388
-23.7946, 65.9565, 410
-40.8214, -6.62609, 381

-72.1875, -18.6522, 330
-137.643, 32.6957, 376
-122.946, 65.1522, 405
-89.0312, 72.5522, 407
-25.375, 65.313, 406
-46.2857, -10.0174, 384

-81, -18.313, 324
-143.768, 35.4261, 388
-116.857, 64.0174, 409
-86.0268, 69.5217, 410
-23.8527, 67.9043, 411
-43.192, -13.4609, 387

-103.75, -24.5391, 332
-140.366, 32.8783, 398
-114.589, 63, 414
-82.8929, 73.3913, 422
-19.8393, 64.9913, 404
-50.75, -15.3391, 392

-118.071, -30.2609, 348
-139.786, 35.8261, 412
-109.25, 68.4, 437
-80.3527, 78.2565, 439
-17.6339, 66.9783, 395
-45.2679, -10.1739, 390

-129.455, -32.687, 358
-140.46, 39.3522, 431
-103.161, 68.2435, 436
-74.5179, 78.1565, 428
-21.4732, 57.913, 370
-50.8795, -13.6696, 393

-138.58, -35.7739, 374
-142.054, 39.2609, 430
-106.313, 72.8609, 441
-80.0625, 85.4, 427
-29.9107, 43.6957, 335
-56, -11.9304, 392

-147.045, -34.9696, 383
-137.879, 47.2826, 435
-95.9464, 81.3304, 398
-74.6964, 72.7478, 356
-51.4286, -4.17391, 320
-67.2054, -26.8522, 386

-151.027, -32.8783, 398
-136.612, 56.2174, 431
-94.9821, 87.3652, 394
-78.5714, 74.9913, 352
-59.1205, -15.4478, 323
-73.7143, -35.0609, 384

-156.911, -31.6174, 404
-136.295, 57.9565, 430
-97.875, 95.3217, 406
-78.6964, 64.8522, 339
-68.4018, -21.2609, 326
-70.8348, -35.3348, 387

-160.518, -31.6174, 404
-140.134, 61.6957, 430
-100.982, 94.9565, 390
-81.5179, 56.2956, 332
-77.6384, -26.687, 341
-68.75, -36.8261, 385

-162.107, -28.3826, 408
-135.027, 61.1217, 426
-103.482, 90.8696, 380
-85.8661, 51.0261, 326
-76.9554, -26.4522, 338
-72, -38.4, 384

-168.804, -30.3783, 411
-143.973, 61.6957, 430
-111.08, 91.7913, 377
-90.2857, 41.2174, 316
-75.2232, -24.9087, 337
-75.2321, -38.3, 383

-169.813, -29.0783, 418
-149.964, 67.2609, 442
-118.862, 88.0435, 375
-97.1875, 27.0435, 311
-75.5893, -15.8783, 332
-89.4777, -34.1739, 393

-168.147, -29.9348, 405
3.2001e+007, 3.2001e+007, 3.2001e+007
-127.67, 81.8435, 362
-97.308, 10.6783, 307
-67.0714, 10.887, 313
-93.7768, -30.4435, 389

-181.442, -30.9696, 419
-141.174, 66.2609, 381
-132.661, 50.5565, 323
-96.1071, -5.2, 299
-60.8527, 38.5913, 317
-96.9866, -32.6304, 395

-181.25, -30.0087, 406
-147.612, 67.6522, 389
-129.25, 37.4957, 308
-95.3125, -7.95652, 305
-60.6607, 38.4696, 316
-98, -32.3826, 392

-182.089, -32.2435, 412
-149.531, 68.6304, 385
-130.812, 22.1, 299
-97.7857, -10.2957, 296
-54.4955, 39.4652, 313
-97.7143, -33.3913, 384

-189.893, -33.787, 409
-150.67, 66.8478, 375
-127.746, 12.8261, 295
-93.75, -9.13044, 300
-53.4375, 41.087, 315
-100.464, -33.7391, 388

-187.147, -33.6217, 407
-153.857, 60.8739, 359
-124.286, 6.30435, 290
-93.8214, -7.72174, 296
-49.8438, 41.6087, 319
-95.5, -34.8783, 382

-183.054, -34.9565, 402
-151.406, 46.3435, 323
-119.438, -8.94783, 294
-117.964, -7.97826, 367
-38.933, 43.5348, 323
-97.4598, -38.3, 383

-189.759, -34.8696, 401
-149.875, 36.1565, 308
-117.607, -12.8696, 296
-91.2857, 18.5217, 284
-39.875, 44.3826, 319
-98.1339, -34.6043, 379

-181.504, -45.4087, 373
-148.817, 15.3913, 295
-114.576, -17.9565, 295
-90.3214, 19.5478, 281
-36.1607, 43.6696, 324
-97.0982, -35.8696, 375

-175, -48.6956, 350
-132.357, -13.0087, 272
-120.402, -18.8696, 310
-87.7991, 18.0652, 277
-38.4509, 42.9957, 319
-97.7679, -34.913, 365

-174.924, -53.7174, 353
-124.152, -21.1304, 270
-112.839, -6.17391, 284
-86.5625, 16.8609, 277
-41.2991, 40.2217, 319
-107.25, -44.313, 364

-178.076, -62.9261, 353
-119, -34.2957, 272
-110.393, -2.44348, 281
-86.25, 16.8, 276
-41.1696, 40.0956, 318
-97.4911, -49.8087, 358

-179.143, -62.7478, 352
-110.853, -38.3087, 267
-111.08, 3.73043, 286
-86.25, 16.8, 276
-41.0402, 38.5913, 317
-91.4018, -44.5087, 353

-179.107, -66.5217, 340
-106.085, -39.4696, 267
-108.268, 6.13044, 282
-86.25, 18, 276
-46.4286, 42.3913, 325
-94.2857, -47.4435, 352

-166.42, -71.087, 327
-104.429, -41.3913, 272
-101.897, 4.78261, 275
-83.4821, 17.9348, 275
-42.3214, 39.8435, 316
-88.808, -47.0391, 349

-133.036, -68.6696, 298
-95.7143, -39.6174, 268
-97.1429, 4.73043, 272
-80.2679, 20.1739, 290
-41.1696, 40.0956, 318
-75.25, -47.8609, 344

-87.0134, -62.6869, 267
-85.2321, -37.0174, 258
-88.8929, 5.69565, 262
-73.2232, 22.9652, 278
-41.2991, 41.6087, 319
-68.5045, -44.4783, 341

-63.1741, -52.2391, 267
-74.4777, -35.7261, 249
-84.8571, 5.73913, 264
-70.6875, 26.113, 273
-37.9554, 42.6522, 327
-62.0491, -42.7435, 339

-30.2902, -17.9565, 295
-54.9732, -18.2261, 262
-78.2857, 27.4, 274
-78.8839, 45.8261, 310
-48.6161, 47.3478, 363
-54.1607, -32.2348, 337

-29.3661, -13, 299
-65.75, -6.86087, 263
-85.1518, 40.2087, 289
-77.8348, 52.3739, 317
-44.2232, 48.0391, 381
-57.5089, -23.5826, 339

-28.9687, -9.40435, 309
-89.6652, 10.7478, 309
-90.75, 50.887, 308
-79.5, 62.8174, 336
-34.7321, 52.4304, 389
-58.8482, -26.4522, 338

-31.4196, -7.98261, 306
-96.7232, 16.3826, 314
-93.1473, 60.013, 321
-77.4554, 67.8913, 347
-26.25, 54.5391, 392
-55.6071, -22.5652, 346

-37.8482, -10.9217, 314
-110.156, 35.7609, 329
-93.8303, 66.3261, 339
-71.3036, 72.6, 363
-19.6429, 59.1304, 400
-24.6429, -16, 368

-54.3214, -10.8522, 312
-121.179, 46.9043, 348
-94.25, 77.5478, 364
-65.9866, 82.3913, 379
-10.6339, 63.8652, 397
-28.4598, -13.0435, 375

-74.9062, -10.013, 329
-126.214, 58.2261, 372
-91.567, 84.1304, 387
-61.5625, 89.0783, 394
-1.81696, 65.4739, 407
-35.625, -9.91304, 380

-114.75, -15.5217, 357
-123.616, 61.0435, 390
-90.1786, 89.5826, 404
-56.1161, 94.7304, 419
9.01786, 68.5043, 404
-36.0937, -1.67391, 385

-123.161, -18.9391, 363
-129.004, 63.7043, 407
-92.3125, 99.0783, 422
-53.4687, 95.1696, 413
7.26786, 72.5522, 407
-41.8929, -1.7, 391

-121.821, -16.4783, 379
-132.763, 65.587, 431
-88.125, 94.9565, 420
-59.7143, 96.3217, 418
7.26786, 72.5522, 407
-44.1964, 1.72174, 396

-134.598, -17.4783, 402
-123.906, 63.1217, 427
-86.7857, 95.7913, 432
-51.4687, 96.5391, 427
5.38393, 75.1565, 402
-48.4554, -1.74783, 402

-135.964, -12.8739, 423
-123.268, 75.287, 468
-85.5, 107.061, 456
-54.8929, 101.391, 424
-22.125, 63.1043, 354
-60.2545, 8.8913, 409

-137.246, -9.41304, 433
-124.585, 78.1478, 473
-85.125, 106.591, 454
-60.9911, 100.8, 414
-34.5, 48.2087, 336
-64.0625, 8.91304, 410

-148.33, -7.8087, 449
-122.906, 86.1, 483
-83.4643, 111.026, 456
-65, 106.713, 416
-48.7143, 45.9609, 341
-69.2143, 7.09565, 408

-142.393, -5.77826, 443
-122.397, 87.8348, 481
3.2001e+007, 3.2001e+007, 3.2001e+007
-70.2857, 101.843, 384
-67.5714, 27.5478, 352
-77.8125, 1.80435, 415

-146.348, -3.85217, 443
-122.991, 88.8043, 475
-73.9286, 113.4, 414
-76.6071, 101.739, 390
-68.75, 18.2609, 350
-77.8125, 3.6087, 415

-154.018, 4, 460
-116.384, 92.7391, 474
-79.3527, 111.63, 395
-83.5625, 97.9913, 382
-73.6473, 10.6826, 351
-79.6652, -3.6087, 415

-156.75, 2.0087, 462
3.2001e+007, 3.2001e+007, 3.2001e+007
-93.7857, 117.687, 404
-93.5045, 84.8913, 355
-89.1295, 1.57826, 363
-83.3705, -5.41304, 415

-170.589, 6.07826, 466
3.2001e+007, 3.2001e+007, 3.2001e+007
-117.812, 116.504, 406
-103.192, 75, 345
-88.8839, 1.57391, 362
-81.7143, -1.8087, 416

-170.223, 6.06522, 465
3.2001e+007, 3.2001e+007, 3.2001e+007
-132.321, 101.739, 390
-117.906, 50.7043, 343
-96.1384, 3.17391, 365
-85.2232, -5.41304, 415

-176.004, -2.06522, 475
3.2001e+007, 3.2001e+007, 3.2001e+007
-141.286, 96, 368
-117.857, 35.8696, 330
-109.268, -1.83478, 422
-97.5, -14.6087, 420

-175.455, -3.97391, 457
-151.125, 91.113, 403
-147.857, 86.087, 360
-117.795, 17.4261, 334
-81.2411, 45.4217, 337
-110.625, -16.4348, 420

-185.902, 1.92609, 443
-169.317, 88.4, 391
-156.562, 58.087, 334
-117.795, 14.5217, 334
-75.0313, 62.6348, 343
-113.571, -14.7478, 424

-190.821, -14.2957, 411
-174.25, 47.0609, 328
-145.277, 22.6913, 307
-105.179, 59.3043, 310
-62.8571, 70.4, 352
-110.089, -7.14783, 411

-196.875, -18.2609, 420
-176.638, 28.4348, 327
-141.161, 22.913, 310
-104.464, 61.0435, 312
-60.5625, 69.8478, 357
-117.812, -14.1217, 406

-196.429, -24.3478, 400
-154, 12.0522, 308
-132.589, 36.1565, 297
-99.2098, 63.9609, 313
-59.7143, 67.3391, 352
-119.344, -12.1435, 399

-193.183, -29.3435, 397
-146.54, -2.82609, 325
-122.571, 41.0348, 286
-95.0179, 69.4043, 313
-55.9375, 68.487, 358
-112.286, -11.9609, 393

-186.772, -27.2, 391
-119.33, -9.03913, 297
-121.277, 46.4913, 289
-89.375, 70.9739, 308
-47.4107, 64.6435, 354
-103.661, -15.1435, 387

-171.786, -28.9565, 370
-99.1027, -8.55217, 281
-112.5, 51.1304, 280
-87.1429, 74.2609, 305
-41.6696, 67.1174, 359
-87.5179, -9.83478, 377

-159.616, -29.2435, 354
-87.1071, -8.24783, 271
-108.527, 57.2, 286
-87.1429, 74.2609, 305
-43.1518, 68.487, 358
-79.9286, -12.9739, 373

-130.112, -26.2174, 335
-67.25, -2.33913, 269
-97.625, 62.9739, 284
-82.442, 76.2087, 313
-46.7366, 67.4913, 361
-70.6429, -12.8, 368

-95.7991, -25.6913, 311
-58.9286, 7.17391, 275
-88.0982, 67.1478, 286
-79.7946, 82.0304, 331
-48.4196, 73.1739, 374
-64.4196, -14.4783, 370

-61.0714, -21.1478, 304
-48.2277, 10.8391, 277
-81.7143, 68.3913, 286
-79.5536, 83.113, 324
-47.75, 74.7391, 382
-56.4643, -8.08696, 372

-18.5134, -2.77391, 319
-47.5, 34.087, 280
-76.9018, 85.9913, 319
-67.9643, 88.7565, 346
-31.8214, 79.2, 396
-45.9241, 6.62609, 381

-7.09821, -2.76522, 318
-56.0491, 41.2435, 279
-76.9018, 90.1522, 319
-64.0625, 91.3043, 350
-25.5625, 78.2435, 409
-47.9018, 4.82609, 370

-10.0938, -1.40435, 323
-62.5625, 43.5217, 286
-79.1384, 86.5391, 311
-64.6875, 88.5, 345
-23.6786, 76.2783, 408
-42.1875, 8.21739, 378

-8.625, 5.6, 322
-91.9821, 57.9652, 303
-92.6786, 91.7652, 346
-64.4286, 88.7652, 352
-21.8036, 74.3217, 407
-42.0759, 8.19565, 377

-30.5357, 1.65217, 380
-128.839, 64.3478, 370
-93.6429, 89.6, 368
-61.7768, 91.0609, 374
3.63393, 72.5522, 407
-21.1071, 3.42609, 394

-58.2054, 1.38261, 318
-126.196, 63.113, 382
-92.4375, 95.3217, 406
-50.625, 100.37, 405
13.7857, 70.487, 386
-38.5, 1.70435, 392

-99.2946, -13.187, 337
-121.138, 63.3913, 405
-84.1741, 94.7304, 419
-48.5179, 101.774, 418
15.4687, 71.9783, 385
-30.8571, -1.66957, 384

-122.143, -19.8261, 380
-116.554, 68.8522, 428
-81.375, 105.67, 434
-43.7143, 101.113, 408
14.9866, 71.3565, 373
-34.7321, 1.6913, 389

-124.25, -15.3391, 392
-107.054, 73.9304, 436
-72.2679, 100.017, 426
-38.4375, 103.391, 410
4.56696, 69.6826, 341
-38.1071, 3.37391, 388

-127.5, -12.4174, 408
-107.054, 77.7217, 436
-74.6429, 112.87, 440
-40.3661, 105.43, 411
-8.86607, 63.3217, 331
-49.125, 3.41739, 393

-133.071, -5.63478, 432
-109.688, 87.0435, 455
-73.4554, 109.191, 433
-41.3795, 103.378, 403
-15.3125, 65.6174, 343
-43.5268, 11.8696, 390

-134.482, 5.77826, 443
-113.746, 95.2304, 447
-75.9821, 102.957, 370
-67.9062, 103.235, 371
-58.5714, 38.9565, 320
-58.0446, 5.13913, 394

-141.388, 9.97826, 459
-116, 99.3391, 448
-80.5982, 96.9652, 354
3.2001e+007, 3.2001e+007, 3.2001e+007
-72.0982, 26.6826, 323
-65.7411, -6.92174, 398

-143.268, 5.89565, 452
3.2001e+007, 3.2001e+007, 3.2001e+007
-100.25, 118.557, 401
-93.9509, 91.5, 345
-80.7813, 17.1652, 329
-74.1295, -1.76087, 405

-163.571, 5.97391, 458
3.2001e+007, 3.2001e+007, 3.2001e+007
-128.237, 109.904, 383
-112.504, 54.0913, 319
-83.1161, 20.9348, 321
-90.3437, -7.18261, 413

-168.75, 1.95652, 450
3.2001e+007, 3.2001e+007, 3.2001e+007
-154.839, 98.3478, 377
-122.571, 40.6957, 312
-80.4107, 26.1043, 316
-100.527, -3.62609, 417

-182.263, -7.63478, 439
3.2001e+007, 3.2001e+007, 3.2001e+007
-177.929, 89.913, 376
-132.027, 35.9478, 318
-80.0089, 40.3043, 309
-109.821, 3.56522, 410

-198.214, -19.3043, 444
3.2001e+007, 3.2001e+007, 3.2001e+007
-179.652, 75.2043, 353
-128.554, 27.2174, 313
-76.6607, 52.5391, 318
-123.83, -3.6, 414

-218.616, -50.5217, 415
-207.612, 33.9565, 355
-188.812, 42.8609, 318
-133.286, 33.8043, 311
-81, 56.3478, 324
-130.5, -19.4174, 406

-211.406, -58.587, 385
-228.496, 26.8304, 363
-189.844, 35.6087, 315
-131.263, 43.9043, 297
-86.9197, 55.9565, 330
-140.719, -24.287, 399

-217, -69.8783, 392
-228.375, 21.1826, 348
-197.33, 29.0348, 318
-133.482, 45.5, 299
-89.1964, 56.4652, 333
-137.196, -23.9826, 394

-214.875, -76.4, 382
-224.036, 12.8348, 328
-191.875, 21.3565, 307
-142.071, 51.887, 306
-104.174, 60.8739, 359
-135.107, -30.3652, 388

-209.049, -83.6478, 363
-225.5, 7.13044, 328
-181.196, 22.8522, 292
-148.5, 52.2261, 308
-108.277, 59.8087, 362
-137.857, -30.2087, 386

-202.714, -87.2348, 352
-217.969, 5.47826, 315
-170.406, 19.9652, 287
-149.875, 52.2261, 308
-112.741, 55.6956, 366
-135, -34.513, 378

-199.835, -87.5043, 347
-212.424, 5.4087, 311
-160.571, 25.6565, 281
-143.857, 55.513, 304
-113.049, 55.8478, 367
-137.277, -34.2391, 375

-188.522, -86.4913, 349
-198.187, 5.25217, 302
-157.946, 29, 290
-145.277, 54.7261, 307
-113.665, 59.3609, 369
-128.839, -27.3478, 370

-190.982, -90, 345
-181.286, 8.76522, 288
-152.469, 34.9391, 287
-144.384, 55.9739, 314
-108.857, 57.9783, 381
-114.281, -30.6478, 371

-174.554, -85.7391, 340
-153.563, 7.12174, 273
-146.446, 39.887, 278
-134.571, 58.7044, 314
-97.7188, 58.0696, 371
-110.5, -18.9913, 364

-165, -83.2174, 330
-137.75, 6.93913, 266
-143.964, 43.513, 278
-134.304, 63.9783, 327
-87.2857, 58.8522, 376
-108.071, -23.2174, 356

-154.268, -85.0435, 326
-120.25, 9.0087, 259
-133.554, 48.1739, 277
-121.808, 65.5956, 321
-79.625, 60.1391, 364
-94.8214, -26.6087, 360

-149.536, -81.0609, 316
-105.219, 19.1435, 259
-120.75, 56.4, 276
-110, 70.9565, 320
-66.4286, 63.0783, 372
-78.7946, -18.4174, 353

-111.375, -67.1478, 297
-101.759, 34.1739, 262
-109.915, 65.213, 283
-93.4018, 73.0478, 317
-55.2455, 65.2174, 375
-64.4286, -19.8957, 352

-70.1696, -48.3087, 271
-102.924, 42.6304, 265
-100.866, 69.6348, 286
-79.7991, 77.7174, 325
-40.0714, 66.6696, 374
-53.2768, -13.7348, 351

-43.7723, -35.7174, 265
-106.348, 46.9696, 277
-98.1027, 76.4348, 293
-73.4375, 84.3956, 329
-32.4018, 74.7391, 382
-45.183, -10.6217, 349

-37.1429, -28.2609, 260
-105.643, 48.487, 272
-97.433, 77.1783, 291
-73.2813, 88.8478, 335
-29.2946, 75.5217, 386
-41.8259, -6.03478, 347

-24.375, -19.2174, 260
-101.156, 48.6652, 273
-95.1429, 79.7913, 296
-64.4286, 88.4174, 328
-22.3125, 71.4, 357
-35.9375, 3.04348, 350

-19.3571, -11.7826, 271
-98.5714, 51.6, 276
-89.433, 81.9, 299
-62.0491, 94.3304, 339
-18.3661, 76.4261, 374
-43.8884, -1.47391, 339

-15.5536, -9.32174, 268
-97.1518, 52.1609, 279
-83.8661, 84.313, 303
-52.6563, 93.7739, 337
-3.39286, 80.9565, 380
-33.7857, 2.9913, 344

-51.0625, 10.4696, 301
-88.4464, 76.2, 381
-58.1429, 99.4783, 352
-20.0804, 100.791, 346
20.3571, 43.6174, 304
-9.58929, 1.55652, 358

-55.7143, 9.49565, 312
-82.6696, 78.8, 394
-47.375, 107.109, 379
-20.0804, 99.287, 346
10.6786, 22.1, 299
-9.58929, 3.11304, 358

-65.8839, 8.1913, 314
-72.6652, 81.1261, 397
-35.5313, 108.757, 379
-16.4018, 92.9391, 334
-5.25, 2.55652, 294
-14.7054, -7.95652, 366

-74.5179, 8.37391, 321
-60.8661, 85.4304, 401
-31.9777, 111.461, 377
-15.2723, 78.4261, 311
-9.53125, -11.9348, 305
-17.9732, 3.18261, 366

-78.0804, 5.53043, 318
-52.1741, 89.3609, 403
-26.7143, 104.07, 352
-22.0089, 65.5652, 290
-16.7143, -17.6348, 312
-21.125, -4.74783, 364

-88.3929, 5.73913, 330
-46.6473, 90.8609, 387
-31.5179, 104.365, 353
-32.3839, 50.9478, 279
-24.1339, -27.6522, 318
-29.0893, -9.44348, 362

-92.5893, 10.3478, 340
3.2001e+007, 3.2001e+007, 3.2001e+007
-39.2946, 93.5478, 326
-48.4018, 32.6348, 278
-32.4464, -35.7217, 316
-28.9286, -14.087, 360

-97.2321, 11.0478, 363
-39.9643, 90.8174, 373
-61.6205, 85.1348, 321
-60.4286, 15.0261, 288
-36.9107, -37.3304, 318
-38.25, -20.1783, 357

3.2001e+007, 3.2001e+007, 3.2001e+007
-42.2991, 92.2783, 379
-74.7679, 74.1913, 316
-76.6473, 10.1217, 291
-48, -40.9043, 336
-24.7143, -39.113, 346

3.2001e+007, 3.2001e+007, 3.2001e+007
-52.6339, 92.2696, 393
-94.308, 65, 325
-87.0536, 7.82609, 300
-57.8125, -38.0435, 350
-34.7679, -38.4783, 354

3.2001e+007, 3.2001e+007, 3.2001e+007
-60.1562, 95.413, 385
-104.143, 56.3478, 324
-91.6786, 10.5043, 302
-68.6116, -28.4348, 327
-40.9732, -32.2304, 353

3.2001e+007, 3.2001e+007, 3.2001e+007
-76.6071, 93.2609, 390
-114.621, 42.3913, 325
-95.7857, 7.77391, 298
-73.8214, -8.13913, 312
-58.6607, -25.3913, 365

3.2001e+007, 3.2001e+007, 3.2001e+007
-88.0179, 90.5739, 372
-122.268, 30.4957, 334
-104.5, 5.28696, 304
3.2001e+007, 3.2001e+007, 3.2001e+007
-65.5357, -20.7435, 367

3.2001e+007, 3.2001e+007, 3.2001e+007
-121.54, 82.0696, 363
-137.179, 20.3304, 334
-115.714, 16.6957, 320
-66.0625, 36.7652, 302
-69.75, -19.4087, 372

3.2001e+007, 3.2001e+007, 3.2001e+007
-138.214, 72, 360
3.2001e+007, 3.2001e+007, 3.2001e+007
-144.429, 17.5826, 337
-65.7857, 38.7087, 307
-82.2857, -15.0261, 384

3.2001e+007, 3.2001e+007, 3.2001e+007
-154.161, 61.913, 356
3.2001e+007, 3.2001e+007, 3.2001e+007
-119.312, 35, 322
-60.067, 42.9, 299
-92.9866, -8.54348, 393

3.2001e+007, 3.2001e+007, 3.2001e+007
-170.464, 38.887, 344
-143.036, 46.4348, 356
-121.429, 48.7826, 340
-56.7411, 52.5652, 310
-100.004, -8.54348, 393

3.2001e+007, 3.2001e+007, 3.2001e+007
-181.214, 29.913, 344
3.2001e+007, 3.2001e+007, 3.2001e+007
-143.339, 54.6261, 349
-60.4018, 63.1304, 330
-110.161, -10.3826, 398

3.2001e+007, 3.2001e+007, 3.2001e+007
-185.821, 26.9217, 344
3.2001e+007, 3.2001e+007, 3.2001e+007
-120, 68.6609, 336
-58.2143, 62.3652, 326
-116.951, -10.2, 391

-191.179, -1.84348, 424
-186.696, 22.1739, 340
-163.237, 67.913, 355
-126.201, 81.9391, 349
-68.9464, 71.7261, 351
-114.04, -6.83478, 393

-197.196, -7.11304, 409
-186.942, 14.5652, 335
-173.089, 71.8, 359
-136.987, 86.3261, 361
-71.4643, 74.1391, 348
-126.469, -5.20435, 399

-206.317, -13.7391, 395
-185.062, 7.15217, 329
-183.723, 70.6304, 361
-151.937, 86.1826, 374
-85.8929, 78.8261, 370
-130.491, -1.71739, 395

-206.786, -21.8174, 386
-184.339, 5.7913, 333
-190.143, 65.8087, 352
-165.295, 81.3043, 374
-99.4286, 81.8087, 384
-126, -5.11304, 392

-196.085, -28.4087, 363
-181.018, 2.84348, 327
-196.031, 58.9826, 357
-172.893, 73.5652, 376
-110.835, 79.6304, 407
-132.254, -8.58696, 395

-141.607, -34.4783, 305
-169.982, 4.35652, 334
-197.085, 45.4217, 337
-185.33, 56.913, 374
-128.688, 63.5478, 406
-119.826, -15.2217, 389

-37.5, 3.65217, 280
-100.415, 35.3478, 271
-155.67, 57.887, 317
-145.804, 66.3696, 355
-99.933, 69.013, 407
-83.2589, 4.86522, 373

-13.5045, 8.36957, 275
-140.103, 44.1043, 317
-134.692, 73.6956, 339
-106.661, 84.9913, 362
-35.8036, 88.9174, 401
-47.0089, 9.15652, 351

-11.3705, 1.23043, 283
-130.366, 40.9565, 314
-123.214, 76.5, 345
-92.8795, 87.2826, 365
-19.5536, 85.6957, 365
-40.8571, 4.5913, 352

-7.41964, 4.81739, 277
-121.786, 44.4783, 310
-122.482, 81.6174, 361
-81.9643, 87.6522, 360
-4.76786, 86.6783, 356
-36.5536, 10.8348, 356

-10.9286, 1.18261, 272
-124.777, 42.3913, 325
-113.156, 82.2652, 357
-75.9554, 94.4348, 362
4.55357, 81.3043, 340
-32.8125, 9.13043, 350

-12.3661, -4.81739, 277
-122.732, 51.4435, 348
-96.9464, 86.6783, 356
-58.1429, 97.9478, 352
20.0625, 65.5956, 321
-13.9821, 9.07826, 348

-21.4018, -4.90435, 282
-116.344, 58.9826, 357
-84.2679, 93.1174, 363
-44.6652, 97.5, 345
19.6875, 48.5739, 294
-15.4911, 7.54348, 347

-53.942, -14.6609, 281
-99.8259, 64.2652, 379
-64.2857, 101.739, 360
-27.1429, 83.2696, 304
3.91071, -3.8087, 292
-17.6786, -10.9565, 360

-63.2188, -16.3348, 289
-96, 70.1217, 384
-59.6295, 102.022, 361
-31.933, 77.0739, 311
-6.74107, -14.4435, 302
-27.3214, -7.82609, 360

-77.9375, -20.9391, 301
-92.75, 74.9913, 392
-52.2991, 101.87, 355
-31.5, 60.0783, 294
-15.2232, -24.2609, 310
-25.7143, -9.39131, 360

-88.9821, -21.0087, 302
-82.0402, 78.2, 391
-44.8661, 99.0435, 335
-42.6518, 45.2043, 281
-19.625, -34.1304, 314
-28.7679, -12.4522, 358

-96.5625, -18.8087, 309
-71.4375, 84.4826, 381
-47.4286, 98.1565, 332
-45.125, 32.3826, 266
-23.7545, -38.1043, 313
-34.5714, -18.3652, 352

-103.5, -14, 322
-71.0625, 84.0391, 379
-51.75, 93.8, 322
-50.8705, 17.2826, 265
-29.8125, -42.8609, 318
-38.9509, -22.7609, 349

-110.688, -18.2, 322
3.2001e+007, 3.2001e+007, 3.2001e+007
-57.2054, 82.9217, 298
-59.8214, -1.16522, 268
-27.8571, -43.4087, 312
-42.067, -22.7609, 349

-120.263, -8.89565, 341
-53.125, 84.2609, 340
-66.4866, 65.9739, 281
-70.4286, -20.1043, 272
-32.7545, -45.7696, 319
-46.3393, -33.0957, 346

-122.857, -5.98261, 344
-61.125, 80.7913, 326
-81.6295, 42.6304, 265
-76.25, -38.9565, 280
-32.6518, -53.9217, 318
-53.2812, -41.513, 341

-119.089, -5.94783, 342
-74.75, 77, 322
-95.2277, 21.2304, 257
-76.1161, -49.0217, 275
-49.3527, -65.5435, 335
-58.0179, -47.5826, 342

3.2001e+007, 3.2001e+007, 3.2001e+007
-95.7991, 73.0174, 311
-102.929, -2.27826, 262
-83.4777, -47.1304, 271
-40.6518, -57.3391, 314
-61.8661, -48.4957, 338

3.2001e+007, 3.2001e+007, 3.2001e+007
-108.906, 52.4087, 287
-107.25, -17.2174, 264
-81.9375, -38.1652, 266
-51.0625, -47.113, 301
-67.9018, -39.6783, 338

3.2001e+007, 3.2001e+007, 3.2001e+007
-137.75, 5.78261, 266
-111.268, -20.9739, 268
-90.5178, -13.1043, 274
-53.625, 7.12174, 273
-73.5402, -30.8957, 323

3.2001e+007, 3.2001e+007, 3.2001e+007
-145.513, -12.6739, 265
-122.5, -18.2609, 280
-94.7143, -4.73043, 272
-56.442, 24.5609, 269
-88.7634, -32.2348, 337

-145.67, -38.1956, 251
-154.607, -37.3217, 296
-138.429, -13.0087, 272
-122.321, 7.14783, 274
-78.4911, 41.4609, 298
-111.455, -41.6348, 342

-174.616, -67.7478, 318
-149.089, -47.3, 253
-139.821, -11.3478, 261
-126.585, 13.8261, 265
-92.4241, 38.9609, 309
-112.5, -49.6696, 336

-196.25, -76.4522, 314
-148.004, -49.1652, 257
-146.25, -10.1739, 260
-134.866, 18.4348, 265
-99.6875, 40.2217, 319
-115.955, -55.0174, 333

-180.625, -77.9044, 289
-149.089, -48.4, 253
-150.286, -12.5783, 263
-136.196, 20.5826, 263
-104.286, 36.1739, 320
-124.125, -59.0043, 331

-169.326, -78.3609, 269
-149.679, -45.2783, 254
-149.732, -10.0957, 258
-138.616, 21.1304, 270
-110.946, 35.5435, 327
-124.844, -57.2174, 329

-161.464, -81.0087, 274
-147.25, -40.9739, 248
-149.152, -8.93913, 257
-139.46, 20.8957, 267
-112.643, 30.313, 332
-121.17, -56.1261, 331

-142.375, -74.5739, 268
-154.888, -34.6391, 257
-145.089, -3.3913, 260
-138.429, 22.4696, 272
-110.009, 30.4043, 333
-118.571, -56.2956, 332

-99, -53.9478, 264
-154.634, -7.63913, 251
-143.518, 13.487, 282
-137.344, 36.9435, 293
-97.4286, 38.5478, 341
-103.125, -44.4783, 330

-90.7143, -54.113, 254
-157.714, 5.56522, 256
-135.763, 23.0478, 279
-126.857, 38.6087, 296
-85.692, 37.9348, 349
-98.4062, -44.3435, 329

-77.0089, -47.8261, 250
-160.313, 12.7217, 266
-132.973, 34.2087, 281
-123.906, 46.413, 305
-77.6562, 41.6739, 355
-89.1964, -33.3, 333

-61.2321, -43.0696, 254
-162.687, 19.0609, 274
-136.875, 48.2435, 292
-119.531, 50.6739, 315
-71.7187, 45.013, 357
-80.5179, -31.9478, 334

-50.5179, -38.5043, 246
-150.571, 22.4696, 272
-130.804, 52.2304, 293
-107.893, 56.687, 318
-60.0536, 46.1739, 354
-71.3571, -30.4043, 333

-38.5938, -33.2913, 247
-140.241, 30.2174, 278
-121.741, 60.6, 303
-98.3571, 64.8, 324
-46.4777, 49.9478, 359
-61.5, -24.2435, 328

-30.875, -32.2174, 247
-139.17, 36.0609, 286
-118.643, 61.713, 302
-95.7143, 67, 335
-40.7366, 49.1957, 365
-56.5848, -24.0217, 325

-28.4375, -28.7609, 245
-135.339, 37.3043, 286
-118.393, 67.8261, 312
-90, 71.5826, 336
-35.5536, 53.513, 362
-49.7857, -22.8174, 328

-26.6786, -28.1478, 249
-133.915, 42.613, 297
-113.929, 70.7348, 319
-83.75, 72.8261, 335
-27.3214, 53.2174, 360
-49.6339, -18.4826, 327

-43.3527, -32.4783, 249
-126.089, 49.387, 307
-110.152, 83.7652, 338
-71.5491, 81.5435, 341
-11.4375, 58.8783, 366
-37.1652, -14.4783, 333

-75.1562, -33.7826, 259
-125.603, 57.5652, 331
-95.2143, 85.2522, 344
-59.8929, 83.7565, 344
3.08929, 60.1739, 346
-34.192, -13.0304, 333

-89.9464, -32.4, 276
-117.5, 58.6478, 329
-83.6518, 85.9957, 347
-54.067, 90.9522, 367
10.625, 59.1304, 340
-37.2768, -17.4261, 334

-106.429, -27.2087, 298
-115.366, 66.1826, 354
-76.375, 91.7913, 364
-39.3973, 89.0174, 353
17.4107, 60.7609, 325
-33.1964, -11.7565, 338

-119.152, -23.2087, 314
-116.268, 73.2696, 383
-69.375, 96.5217, 370
-37.1696, 94.4348, 362
11.3929, 56.8652, 319
-33.7857, -10.4696, 344

-124.098, -5.89565, 339
-87.6562, 87.0435, 385
-43.1786, 109.983, 372
-29.0089, 96.6522, 342
-13.9464, 22.2261, 284
-38.7277, -3.01739, 347

-120.763, 29.8174, 381
3.2001e+007, 3.2001e+007, 3.2001e+007
-49.3393, 106.783, 307
-50, 32.8696, 280
3.2001e+007, 3.2001e+007, 3.2001e+007
-45.7009, 1.53478, 353

-122.862, 29.5043, 377
3.2001e+007, 3.2001e+007, 3.2001e+007
-56.7679, 99.2652, 289
-49.1071, 23.913, 275
-31.625, -21, 322
-46.3482, -1.55652, 358

-125.536, 28.087, 380
-57.9777, 110.035, 333
-62.5625, 85.8, 286
-48.75, 18.9913, 273
-32.4107, -24.3913, 330
-51.2857, -1.56087, 359

-129.241, 33.5652, 386
-67.7009, 114.287, 337
-64.5938, 74.7783, 273
-47.5313, 15.4304, 273
-30.4687, -19.7826, 325
-54.0357, -3.09565, 356

-133.366, 31.6391, 383
-79.7991, 108.804, 325
-70.5893, 59.4261, 268
-46.6518, 14.3478, 275
-30.6562, -14.2174, 327
-54.0357, -3.09565, 356

-131.549, 29.1913, 373
-90.5357, 101.739, 312
-72.5893, 43.5957, 271
-44.7857, 22.9565, 264
-30.4687, -4.23913, 325
-59.8839, 6.13913, 353

-140.25, 27.6435, 374
-93.8214, 86.2261, 296
-70.9821, 35.7174, 265
-44.2679, 32.6261, 268
-27.1429, 14.5391, 304
-63.75, 7.76087, 357

-143.705, 24.1304, 370
-102.5, 73.6217, 287
-74.4554, 35.087, 269
-49.6429, 43.513, 278
-16.6562, 49.913, 287
-66.9375, 7.76087, 357

-151.125, 21.0261, 372
-98.192, 54.1522, 265
-72.3214, 34.0435, 270
-50.7143, 50.6261, 284
-11.2857, 79.687, 316
-68.5312, 6.2087, 357

-155.893, 12.5217, 360
-103.875, 42.1522, 277
-79.7143, 45.0783, 288
-55.3929, 55.1739, 282
-15.6161, 78.8087, 318
-71.1161, 3.07826, 354

-159.375, 12.4174, 357
-104.5, 35.8522, 266
-83.5714, 50.087, 288
-58.7321, 57.2, 286
-18.5134, 77.6696, 319
-76.5625, 3.04348, 350

-166.5, -2.92174, 336
-106.473, 19.587, 265
-96.1339, 50.6087, 291
-68.9464, 60.9304, 286
-32.3125, 80.1043, 329
-81.0179, 4.55217, 349

-164.754, -25.1957, 305
-109.286, 7.76087, 255
-105.964, 39.6, 276
-90.625, 58, 290
-59.7188, 73.0739, 343
-95.4911, -7.5, 345

-120.013, -38.5826, 261
-122.344, -4.53913, 261
-123.996, 31.087, 275
-119.844, 56.4348, 295
-86.183, 64.0957, 351
-107.187, -23.8609, 343

-110.491, -41.8478, 275
-128, -6.67826, 256
-143.196, 27.1174, 297
-128.612, 53.1391, 291
-91.4018, 61.3913, 353
-110.804, -25.1304, 340

-100.205, -32.9087, 261
-140.652, -5.80435, 267
-141.116, 25.2174, 290
-132.563, 52.4087, 294
-95.3125, 59.3478, 350
-105.625, -26.4522, 338

-98.3571, -33.113, 272
-138.937, -8.09565, 266
-141.92, 23.8739, 289
-134.786, 50.1913, 296
-101.563, 56.3043, 350
-111.33, -23.4435, 337

-95.2188, -27.7, 277
-149.357, -9.46087, 272
-145, 21.913, 280
-139.688, 46.6435, 298
-106.25, 48.6956, 350
-98.0804, -36.7391, 338

-98.5446, -24.6087, 283
-155.813, -4.81739, 277
-157.946, 36.5652, 290
-150.759, 49.387, 307
-108.737, 49.113, 353
-100.799, -41.0261, 337

-99.5893, -24.8696, 286
-169.714, -5.0087, 288
-178.527, 41.7826, 310
-153.214, 48.8348, 312
-107.464, 50.7913, 354
-102.911, -38.3217, 339

-148.125, -46.713, 316
-217.054, 17.7391, 340
-196.031, 55.8783, 357
-160.938, 59.3478, 350
-96.1384, 52.3696, 365
-113.143, -33.6696, 352

-193.875, -80.1043, 329
-209.049, 26.9217, 387
-175.781, 63.587, 375
-146.143, 69.5478, 372
-78.9687, 54.9348, 361
-115.393, -34.3391, 359

-203.299, -64.8304, 403
-198.714, 36.1739, 416
-154.58, 70.9478, 398
-125.795, 73.8435, 386
-64.5937, 51.6174, 371
-112.018, -27.2739, 369

-201.942, -54.1304, 415
-185.768, 44.7826, 412
-149.705, 81, 414
-113.75, 76.6957, 392
-53.8571, 50.813, 377
-107.076, -30.4826, 369

-195, -47.4783, 420
-175.286, 49.7913, 409
-141.969, 82.6, 413
-104.299, 81.5957, 383
-44.1161, 50.9217, 366
-111.429, -26.713, 384

-187.607, -39.4087, 412
-165.929, 57.9652, 404
-137.612, 91.1348, 411
-95.933, 83.5957, 377
-41.4062, 51.6174, 371
-100.487, -25.6696, 369

-196.875, -36.5217, 420
-167.982, 62.2391, 409
-129.054, 92.9739, 396
-91.8304, 82.9304, 374
-37.375, 50.6435, 364
-100.759, -20.913, 370

-185.768, -33.3739, 404
-164.696, 62.7652, 401
-127.098, 89.8696, 390
-86.3616, 85.6957, 365
-35.4554, 50.2261, 361
-96.4018, -19.0957, 366

-187.969, -29.6391, 401
-158.304, 66.8087, 394
-113.973, 90.087, 370
-82.1429, 88, 368
-26.4866, 53.1087, 349
-90, -12.5217, 360

-177.652, -23.9826, 394
-154, 73.287, 392
-114.446, 96.7087, 377
-76.0714, 87.9783, 355
-20.4866, 56.787, 353
-89.5, -20.2348, 358

-175.848, -25.4348, 390
-147.429, 70.1217, 384
-108.817, 99.4565, 375
-72.5223, 91.0348, 361
-20.3705, 53.413, 351
-82.1786, -13.8522, 354

-171.429, -21.7043, 384
-147.978, 71.2304, 381
-104.286, 96.8044, 365
-69.9286, 91.3217, 356
-15.1786, 53.2174, 340
-85.0982, -12.2783, 353

-178.75, -21.7609, 385
-140.804, 77.6522, 380
-101.027, 99.9783, 365
-63.6964, 89.2696, 348
-13.5, 54.0522, 336
-71.0536, -13.5391, 346

-171.67, -22.9478, 377
-138, 73.6, 368
-97.7679, 96.8044, 365
-64.875, 87.2522, 346
-11.9643, 52.4348, 335
-75.4687, -18, 345

-166.964, -21.1391, 374
-136.728, 73.8, 369
-98.308, 95.7435, 361
-63.5134, 87.5043, 347
-13.4196, 55.1826, 334
-77.0089, -12, 345

-169.987, -21.3087, 377
-135.446, 70.7826, 370
-96.9643, 97.5826, 362
-63.3304, 87.2522, 346
-10.4688, 53.8913, 335
-73.7143, -11.9652, 344

-166.071, -21.0261, 372
-132.348, 73.2, 366
-97.2188, 99.3391, 357
-63.9375, 88.9565, 341
-13.2991, 56.1261, 331
-79.0045, -13.5783, 347

-165.375, -16.4348, 378
-131.987, 73, 365
-95.625, 96.2348, 357
-61.25, 86.4956, 343
-11.8214, 54.687, 331
-73.2857, -2.97391, 342

-161.089, -17.7913, 372
-130.714, 73.2, 366
-95.3571, 97.513, 356
-61.25, 86.4956, 343
-11.8214, 54.687, 331
-77.0089, -12, 345

-162.75, -17.7913, 372
-136.545, 79.4652, 373
-94.558, 99.8956, 359
-60.3571, 89.6435, 338
-8.83929, 55.9565, 330
-73.2857, -11.8957, 342

-164.5, -16.3478, 376
-132.348, 74.7913, 366
-91.6607, 96.9652, 354
-60.3571, 89.6435, 338
-5.91071, 56.1261, 331
-73.2857, -11.8957, 342

-160.223, -19.3043, 370
-131.429, 78.4, 368
-92.7143, 96.4174, 352
-57.1696, 87.913, 337
-7.23214, 53.5304, 324
-75.0313, -11.9304, 343

-160.656, -17.7435, 371
-132.152, 72.2, 361
-90.8839, 96.1435, 351
-58.3259, 88.8478, 335
-8.73214, 55.2783, 326
-71.5491, -20.7565, 341

-164.286, -20.8, 368
-128.929, 72.2, 361
-92.7143, 97.9478, 352
-59.4643, 86.8696, 333
-7.1875, 53.2, 322
-70.9196, -13.2261, 338

-163.969, -20.9696, 371
-135.616, 68.4261, 366
-95.5848, 94.6174, 351
-62.0625, 84.9087, 331
-10.0625, 53.2, 322
-71.1295, -13.2652, 339

-171.214, -24.5217, 376
-134.875, 66.4696, 364
-95.3125, 94.3478, 350
-65.2143, 86.6087, 332
-10.0313, 53.0348, 321
-73.0714, -10.3783, 341

-170.437, -24.6522, 378
-136.125, 69.4435, 363
-96.3214, 90.7826, 348
-63.5402, 86.3478, 331
-11.3571, 52.5391, 318
-70.9196, -5.87826, 338

-165.295, -26.0174, 374
-139.643, 72, 368
-95.7678, 91.7652, 346
-63.3482, 84.6522, 330
-11.3214, 52.3739, 317
-73.2857, -11.8957, 342

-164.853, -25.9478, 373
-139.263, 71.8044, 367
-96.3214, 95.3217, 348
-62.0625, 86.3478, 331
-9.96875, 54.0913, 319
-70.9196, -5.87826, 338

-165.737, -26.087, 375
-135.75, 70.8261, 362
-96.0446, 93.5391, 347
-62.0625, 84.9087, 331
-11.2857, 52.2087, 316
-72.4286, -2.93913, 338

-163.969, -24.1957, 371
-133.616, 69.8261, 365
-95.7678, 93.2696, 346
-63.5402, 86.3478, 331
-9.9375, 53.9217, 318
-69.6161, -2.94783, 339

-167.281, -24.1957, 371
-134.348, 70.2087, 367
-94.7679, 93.8087, 348
-65.2143, 86.6087, 332
-10.0313, 51.6391, 321
-74.8125, -8.92174, 342

-161.875, -24.1304, 370
-132.518, 70.8261, 362
-94.7679, 95.3217, 348
-62.0625, 84.9087, 331
-11.3214, 53.7522, 317
-71.7589, -7.43478, 342

-160.223, -20.913, 370
-132.348, 73.2, 366
-91.9241, 95.5957, 349
-60.7679, 88.0522, 332
-9.9375, 52.5391, 318
-69.8214, -2.95652, 340

-152.375, -20.9696, 371
-130.929, 73.5652, 376
-91.1429, 94.887, 352
-62.0625, 84.9087, 331
-9.9375, 52.5391, 318
-67.9018, -10.287, 338

-152.375, -22.5826, 371
-131.987, 69.8261, 365
-92.1875, 92.8261, 350
-62.0625, 86.3478, 331
-8.54464, 54.0913, 319
-66.1964, -4.39565, 337

