-155.768, 2.48696, 286
-106.125, 98.4348, 283
-61.6295, 100.4, 251
-36.4286, 96, 240
13.5223, 63.8217, 233
-54.0089, 2.28696, 263

-149.281, 1.22174, 281
-100.875, 90.0565, 269
-60.5089, 98.2174, 251
-34.5714, 96.8, 242
14.5625, 62.8087, 233
-56.1429, 1.13913, 262

-153.411, 2.46957, 284
-102.455, 90.3913, 270
-60.75, 98.6087, 252
-32.2768, 94.3043, 241
15.7366, 63.3478, 235
-52.2321, 5.65217, 260

-154.134, 1.23043, 283
-104.045, 89.5478, 271
-63.25, 101.2, 253
-34.7143, 96.1435, 243
13.7545, 64.9174, 237
-50.875, 3.37826, 259

-149.464, 1.21304, 279
-104.045, 89.5478, 271
-62.3661, 99.3913, 254
-35.9464, 96.5391, 244
12.75, 65.1913, 238
-57.9687, -1.15217, 265

-145.393, -2.4, 276
-105.254, 88.3696, 271
-67.5804, 103.265, 261
-38.2813, 94.8043, 245
11.8348, 66.013, 241
-53.0357, 5.73913, 264

-150.321, -2.4, 276
-110.455, 91.8609, 278
-66.8036, 103.2, 258
-40.1786, 97.8261, 250
9.96429, 71.1652, 248
-60.0446, 2.33913, 269

-146.786, -2.38261, 274
-110.058, 91.5304, 277
-71.7857, 107.2, 268
-42.4509, 101.683, 257
8.78572, 68.4522, 246
-56.7857, 4.6087, 265

-149.232, -1.1913, 274
-111.295, 92.7348, 277
-70.7143, 104.452, 264
-41.7902, 99, 253
9.96429, 70.087, 248
-57, 6.93913, 266

-153.201, 1.21304, 279
-110.893, 92.4, 276
-67.8393, 103.661, 262
-40.8214, 100.496, 254
10.0045, 70.3696, 249
-51.0625, 4.62609, 266

-148.009, 1.1913, 274
-108.866, 90.5391, 274
-69.5357, 105.6, 264
-39.6875, 98.287, 254
11.0714, 70.087, 248
-56.0223, 9.28696, 267

-152.103, 2.4087, 277
-107.25, 91.3957, 273
-67.8393, 102.522, 262
-40.8214, 100.496, 254
11.0714, 70.087, 248
-54.8304, 6.96522, 267

-154.125, 1.1913, 274
-107.25, 91.3957, 273
-69.0089, 105.939, 262
-40.8214, 100.496, 254
10.125, 71.2174, 252
-53.8393, 6.9913, 268

-156.375, 4.83478, 278
-107.25, 93.7696, 273
-67.5804, 105.535, 261
-38.8571, 102.4, 256
12.375, 71.2174, 252
-52.0536, 9.21739, 265

-153.763, 5.80435, 267
-107.643, 96.4957, 274
-67.1786, 107.896, 264
-37.7143, 102.4, 256
11.1161, 72.5348, 249
-52.8393, 7.01739, 269

-150.884, 6.83478, 262
-104.045, 93.0826, 271
-66.75, 109.122, 267
-37.567, 102, 255
12.4241, 74.8, 253
-56.442, 10.5261, 269

-148.004, 6.70435, 257
-104.045, 94.2609, 271
-65.3125, 108.713, 266
-38.4018, 103.4, 253
10.2054, 78.4087, 254
-53.8393, 9.32174, 268

-143.348, 9.66522, 247
-105.254, 97.7957, 271
-64.3304, 108.217, 262
-38.0982, 101.491, 251
4.41071, 81.6174, 247
-55.4464, 9.3913, 270

-134.487, 10.4783, 241
-104.045, 94.2609, 271
-64.3304, 108.217, 262
-38.25, 99.7043, 252
-2.17857, 82.7478, 244
-53.0357, 10.5652, 270

-125.357, 13.2261, 234
-102.455, 96.2609, 270
-65.5, 110.496, 262
-39.8437, 104.217, 255
-6.58929, 83.4261, 246
-54.2411, 10.5652, 270

-119.107, 15, 230
-100.5, 96.713, 268
-63.6429, 109.043, 264
-38.5536, 102.704, 254
-7.65625, 82.0217, 245
-50.25, 13.9826, 268

-106.946, 15.7217, 226
-99.6741, 97.0739, 269
-62.6786, 109.174, 270
-36.1429, 103.4, 253
-11.9821, 79.5652, 244
-49.4196, 12.913, 270

-94, 19.4783, 224
-98.933, 97.513, 267
-61.5179, 108.304, 265
-35.3571, 107.896, 264
-13.0179, 73.9565, 243
-48.3929, 16.4957, 271

-84.0804, 21.9, 219
-98.8393, 98.6087, 270
-59.7188, 111.574, 273
-34.0491, 107.487, 263
-13.8705, 71.7, 239
-49.9687, 15.4304, 273

-80.5357, 22, 220
-97.9955, 101.33, 271
-59.2812, 114.291, 271
-31.875, 107.543, 255
-13.5804, 70.2, 234
-41.2857, 13.0087, 272

-75.3348, 22.5, 225
-96.1875, 97.1478, 266
-59.8214, 109.53, 268
-31.3393, 104, 260
-14.75, 66.6957, 236
-41.1339, 15.3174, 271

-65.2679, 26.1739, 215
-97.0089, 100.239, 265
-57.75, 106.748, 264
-30.1786, 104, 260
-18.9643, 63.6174, 236
-41.875, 12.8174, 268

-53.7589, 29.087, 223
-96.2768, 99.4826, 263
-57.2143, 110.283, 267
-31.2188, 103.6, 259
-21.1875, 56.0087, 226
-40.8304, 17.5435, 269

-51, 29.2174, 224
-95.5446, 97.5913, 261
-56.7857, 108.304, 265
-30.0625, 104.726, 259
-29.1295, 53.8043, 225
-38.5714, 21.1304, 270

-46.7902, 29.087, 223
-95.5982, 98.713, 258
-56.1429, 112.774, 262
-32, 105.739, 256
-32.1429, 49.8913, 225
-40.6786, 17.4783, 268

-44.7991, 31.0261, 223
-92.1429, 97.5913, 258
-57.75, 112.487, 264
-32.625, 107.374, 252
-35.9375, 47, 230
-45.8036, 18.7826, 270

-43.8036, 31.0261, 223
-92.9822, 99.3913, 254
-56.1429, 113.913, 262
-31.625, 107.8, 253
-37.1652, 43.0435, 225
-43.2321, 18.713, 269

-42.808, 31.0261, 223
-92.25, 98.6087, 252
-57.3125, 111.635, 262
-33.3482, 106.096, 249
-39.6964, 43.6174, 228
-44.433, 16.3739, 269

-43.3839, 27.513, 226
-90.7634, 97.1261, 251
-57.9687, 111.761, 265
-33.4821, 103.261, 250
-40, 41.8783, 224
-44.5982, 17.6087, 270

-43.3839, 30.4609, 226
-90.4018, 96.7391, 250
-57.9687, 111.761, 265
-35, 103.326, 245
-42, 41.8783, 224
-44.433, 19.8826, 269

-44.3929, 30.4609, 226
-92.25, 96.4174, 252
-56.6562, 111.483, 259
-34.8571, 103.965, 244
-40.1786, 41.087, 225
-45.6339, 23.3913, 269

-45.6027, 30.5957, 227
-91.4866, 93.5, 253
-56.7857, 111.761, 265
-36.0938, 104.391, 245
-41.3661, 40.287, 226
-45.6339, 23.3913, 269

-46.6161, 30.5957, 227
-92.25, 94.2261, 252
-58.1875, 112.183, 266
-32.6786, 102.904, 244
-43.5759, 41.4522, 227
-45.8036, 24.6522, 270

-46.6161, 30.5957, 227
-91.8839, 96.0348, 251
-58.9286, 114.783, 264
-34.2857, 101.217, 240
-43.5759, 41.4522, 227
-46.8348, 23.3913, 269

-69.375, 26.0609, 222
-96.3839, 93.8696, 254
-62.6786, 109.174, 270
-36.5804, 98.4956, 241
-29.5, 71.8261, 236
-47.183, 21.2087, 271

-115.527, 20.7261, 227
-106.071, 95.2696, 264
-71.5179, 109.122, 267
-46.4286, 105.13, 260
-12.4241, 83.6, 253
-52.5982, 22.6348, 274

-129.013, 21.4783, 247
-102.076, 99.413, 269
-68.3571, 106.748, 264
-40.0179, 100.683, 249
-1.13393, 82.8261, 254
-53.4286, 23.6522, 272

-136.196, 26.3, 263
-102.134, 104.322, 279
-64.3661, 113.765, 267
-40.7813, 110.074, 261
3.44196, 83.8044, 257
-52.2143, 26.0174, 272

-150.951, 33.9261, 289
-105.112, 105.983, 277
-77.4107, 121.883, 289
-47.5, 112.183, 266
-3.53571, 88.3826, 264
-63.9777, 25.6565, 281

-158.036, 28.6957, 300
-107.25, 104.452, 286
-77.067, 116.891, 283
-51.1875, 110.387, 273
-7.20536, 88.887, 269
-65.6964, 31.9913, 283

-158.982, 25.3609, 307
-110.625, 106.457, 295
-75.8571, 116.452, 288
-51.067, 114.026, 279
-4.80357, 87.7174, 269
-63.6161, 28.5, 285

-164.884, 24.4957, 313
3.2001e+007, 3.2001e+007, 3.2001e+007
-78.7009, 119.37, 289
-50.8839, 111.2, 278
-2.35714, 81.4957, 264
-68.3795, 26.387, 289

-163.83, 21.6348, 311
-115.179, 105.652, 300
-77.6786, 117.261, 290
-48.75, 108.013, 273
-1.1875, 82.113, 266
-69.6696, 25.1304, 289

-162.777, 13.4348, 309
-114.795, 105.3, 299
-73.7946, 115.239, 285
-49.1071, 110, 275
2.46429, 81.6, 276
-65.3438, 21.213, 287

-160.536, 12.1304, 310
-111.75, 99.7652, 298
-73.7946, 115.239, 285
-45.5893, 105.6, 276
4.80357, 79.5304, 269
-62.5625, 16.1652, 286

-161.054, 9.46522, 311
-108.937, 98.4261, 294
-71.2054, 116, 290
-46.3125, 105.639, 273
6.04911, 76.587, 271
-56.4509, 17.1043, 281

-154.871, 6.67391, 307
-106.674, 98.7609, 295
-69.4286, 112.696, 288
-38.7143, 103.687, 271
9.60714, 77.1913, 269
-61.9062, 17.2261, 283

-153.862, 5.30435, 305
-107.397, 100.722, 297
-64.2054, 111.574, 282
-34.8259, 106.43, 269
11.9196, 74.2956, 267
-53.558, 10.9174, 279

-152.853, 3.95217, 303
-103.335, 94.2696, 293
-63.75, 109.565, 280
-33.0268, 104.835, 274
14.25, 70.5478, 266
-50.7009, 13.2478, 277

-147.321, 5.21739, 300
-104.04, 97.4783, 295
-62.9464, 107.896, 282
-28.1339, 104.835, 274
16.25, 73.4783, 260
-54.6071, 12.087, 278

-141.991, 20.6217, 279
-99.5893, 96.9913, 286
-70.9821, 101.391, 265
-60.5089, 75.3, 251
-45.6027, 22.7, 227
-57.7812, 9.16087, 301

-77.9643, 55.3391, 296
3.2001e+007, 3.2001e+007, 3.2001e+007
3.2001e+007, 3.2001e+007, 3.2001e+007
3.2001e+007, 3.2001e+007, 3.2001e+007
3.2001e+007, 3.2001e+007, 3.2001e+007
-47.25, -1.27826, 294

-89.0223, 57.8, 289
3.2001e+007, 3.2001e+007, 3.2001e+007
3.2001e+007, 3.2001e+007, 3.2001e+007
3.2001e+007, 3.2001e+007, 3.2001e+007
3.2001e+007, 3.2001e+007, 3.2001e+007
-54.3616, -2.58261, 297

-114.429, 43.8261, 288
3.2001e+007, 3.2001e+007, 3.2001e+007
-82.4107, 16.0522, 284
-65.4018, 8.91739, 293
-40.6607, 8.4, 276
-52.8571, -10.2957, 296

-141.491, 15.6, 299
-111.295, 101.165, 277
-69.7991, 108.304, 265
-54.4688, 93.1043, 249
-25.3393, 85.2522, 258
-57.3571, 19.0435, 292

-159.089, -3.93913, 302
-106.5, 93.8435, 284
-66.0491, 106.43, 269
-39.4821, 106.035, 268
5.89286, 78.0522, 264
-58.6607, 12.6957, 292

-156.455, -1.2913, 297
-103.571, 97.087, 290
-60.3348, 102.543, 265
-27.2098, 101.391, 265
13.9286, 73.4783, 260
-56.7679, 10.0522, 289

-156.964, -1.27391, 293
-106.161, 98.3478, 290
-61.0179, 106.035, 268
-31.942, 102.543, 265
11.6518, 72.6261, 261
-54.3259, 11.0739, 283

-157.192, -1.26522, 291
-107.085, 99.2652, 289
-65.5714, 105.252, 272
-28.3929, 103.696, 265
12.817, 72.6261, 261
-53.558, 9.70435, 279

-153.295, -1.26522, 291
-110.625, 100.043, 295
-65.067, 108.804, 275
-29.3527, 102.913, 263
12.6696, 74.0348, 258
-55.4464, 15.6, 276

-151.473, -2.52174, 290
-105.603, 95.413, 285
-63.1429, 108.8, 272
-28.683, 103.917, 257
13.7679, 74.8652, 257
-53.1741, 12.0435, 277

-155.656, 1.27391, 293
-106.714, 98.9217, 288
-65.8125, 110.387, 273
-30.2946, 104.4, 261
12.6696, 74.0348, 258
-55.6473, 13.2478, 277

-153.04, -1.27391, 293
-110.804, 97.7565, 292
-65.8125, 108.013, 273
-31.3393, 105.13, 260
12.5714, 74.5739, 256
-48.9286, 13.1043, 274

-155.656, 1.27391, 293
-108.375, 99.2652, 289
-65.8125, 108.013, 273
-32.75, 104.8, 262
10.1652, 75.9, 253
-52.9821, 16.8, 276

-157.732, 5.07826, 292
-105.062, 99.8261, 287
-67.0312, 108.013, 273
-30.1786, 105.13, 260
9.07143, 76.2, 254
-56.0491, 15.7696, 279

-150.455, 5.95652, 274
-108, 98.9217, 288
-67.0312, 108.013, 273
-32.625, 105.535, 261
6.85714, 81.2522, 256
-52.125, 15.713, 278

-142.5, 6.93913, 266
-105.973, 100.722, 286
-67.5223, 111.196, 275
-35.2232, 107.487, 263
4.5, 76.6957, 252
-55.5893, 12.3043, 283

-132.147, 6.6, 253
-110.045, 102.13, 290
-75.5357, 115.252, 282
-35.0893, 108.217, 262
4.5, 82.1739, 252
-53.942, 15.8826, 281

-122.397, 10.7391, 247
-107.625, 103.57, 287
-66.5402, 111.935, 271
-36.5714, 107.965, 256
-1.11607, 80.4348, 250
-52.875, 12.2609, 282

-110.036, 11.3348, 237
-106.5, 102.487, 284
-69.7232, 111.983, 274
-37.4196, 108.226, 254
-2.21429, 84.1043, 248
-54.3259, 22.1478, 283

-102.375, 13.2261, 234
-105.232, 103.722, 284
-69.2143, 115.896, 272
-37.567, 109.761, 255
-5.53571, 84.1043, 248
-51.6161, 18.3913, 282

-93.4375, 19, 230
-98.5714, 99.6, 276
-66.2946, 117.391, 270
-36.4286, 108.652, 255
-6.58929, 82.3565, 246
-50.1786, 19.5478, 281

-81.3616, 17.6087, 225
-102.866, 101.404, 281
-63.4107, 110.696, 268
-36.2857, 107.122, 254
-10.7589, 79.6348, 241
-45.1607, 24.4348, 281

-76.0045, 19.7391, 227
-98.2143, 101.63, 275
-63.8839, 113.87, 270
-37.7143, 105.739, 256
-12.9643, 74.7043, 242
-44.8393, 23.0478, 279

-75.6518, 20.9087, 229
-97.5, 102.078, 273
-63.375, 117.509, 273
-33.8839, 106.7, 253
-15.125, 72.6, 242
-50.7143, 19.7565, 284

-76.0045, 20.7261, 227
-97.5, 100.891, 273
-62.1562, 116.322, 273
-36.1429, 106.7, 253
-19.4464, 66.287, 242
-45.1607, 25.6565, 281

-75.933, 23.3, 233
-99.8036, 99.6, 276
-61.9286, 115.896, 272
-36.5714, 104.626, 256
-22.0312, 58.2391, 235
-45.4821, 22.1478, 283

-69.2411, 25.5435, 235
-99.0804, 103.643, 274
-63.1429, 117.078, 272
-33.8839, 107.8, 253
-24.4375, 55.8783, 238
-48.0089, 18.4565, 283

-65.3571, 24, 240
-97.1429, 101.704, 272
-60.9375, 116.322, 273
-36.5714, 104.626, 256
-26.0357, 54.9391, 243
-48.1786, 25.9304, 284

-60.8482, 27.587, 235
-96.2813, 100.891, 273
-61.1607, 117.939, 274
-33.8839, 107.8, 253
-29.4107, 53.0435, 244
-46.7455, 28.3, 283

-60.817, 30.1348, 239
-96.6339, 103.643, 274
-60.4911, 115.47, 271
-34.0179, 107.122, 254
-32.4107, 51.5565, 242
-48.3482, 28.5, 285

-58.4375, 27.9391, 238
-96.0714, 102.922, 269
-61.1607, 117.939, 274
-32.8839, 103.809, 254
-35.3571, 51.1304, 240
-47.0759, 27.2609, 285

-57.2589, 29.4609, 242
-94.3661, 103.687, 271
-61.1607, 117.939, 274
-34.2857, 109.078, 256
-34.1429, 42.6043, 239
-40.7143, 27.2609, 285

-55.4821, 30.1348, 239
-94.7143, 102.887, 272
-61.1607, 117.939, 274
-34.2857, 109.078, 256
-36.125, 42.4261, 238
-47.0759, 30.9783, 285

-55.0179, 30.913, 237
-94.7143, 101.704, 272
-61.1607, 115.557, 274
-34.1518, 108.652, 255
-35.2098, 42.6043, 239
-47.2411, 24.8696, 286

-54.4152, 31.1739, 239
-95.2232, 104.478, 270
-60.4911, 115.47, 271
-34.1518, 108.652, 255
-41.0536, 39.9826, 242
-45.4821, 30.7609, 283

-53.9598, 29.8826, 237
-94.3661, 103.687, 271
-60.9375, 118.696, 273
-34.0179, 109.33, 254
-41.6116, 39.487, 239
-46.9107, 28.4, 284

-52.2812, 31.1739, 239
-94.3661, 103.687, 271
-59.5, 118.261, 272
-36, 108.47, 252
-43.5625, 38.287, 238
-47.2411, 26.113, 286

-52.9018, 34.0043, 237
-94.3661, 103.687, 271
-61.9286, 117.078, 272
-35.8571, 105.857, 251
-42.5, 38.287, 238
-48.5179, 31.087, 286

-53.7321, 31.8087, 236
-95.2232, 105.652, 270
-62.3839, 116.748, 274
3.2001e+007, 3.2001e+007, 3.2001e+007
-43.7455, 38.4478, 239
-48.5179, 27.3565, 286

-53.5045, 31.6739, 235
-94.7143, 104.07, 272
-59.7188, 119.883, 273
-39.0625, 106.522, 250
-42.5, 38.287, 238
-49.9688, 26.2043, 287

-57.375, 31.0435, 238
-93.8438, 99.7043, 273
-62.1562, 116.322, 273
-33.4821, 108.696, 250
-41.7321, 44.9217, 246
-50.1429, 28.8, 288

-65.625, 31.9565, 245
-96.2813, 103.265, 273
-61.7009, 116.648, 271
-31.3393, 110.783, 260
-31.4598, 64.4478, 243
-48.3482, 30.9783, 285

-72.5536, 31.1739, 239
-96.6339, 101.261, 274
-62.1562, 118.696, 273
-32.3661, 107.609, 250
-7.9375, 82.8261, 254
-50.1429, 31.3043, 288

-75.5357, 30.6522, 235
-97.692, 101.165, 277
-65.5402, 116.822, 277
-30.0625, 110.357, 259
-1.13839, 82.0435, 255
-47.2411, 32.3304, 286

-75.5357, 30.6522, 235
-95.5625, 102.739, 278
-63.6071, 119.13, 274
-28.7946, 111.052, 258
2.35714, 84.9391, 264
-49.0268, 25.1304, 289

-75.933, 27.3522, 233
-101.973, 105.443, 282
-66.7768, 116.822, 277
-30.4107, 108.217, 262
2.41071, 85.6957, 270
-49.0268, 26.387, 289

-78.7143, 26.2261, 232
-101.25, 101.043, 280
-66.7768, 116.822, 277
-32.0625, 108.713, 266
3.69643, 84, 276
-48.8571, 32.5565, 288

-84.2857, 23.6, 236
-101.25, 103.478, 280
-65.5402, 112.004, 277
-27.8259, 109.578, 271
3.76339, 81.8565, 281
-46.4464, 33.9261, 289

-86.25, 22, 230
-101.25, 99.8261, 280
-68.75, 119.304, 280
-28.8214, 109.939, 269
3.73661, 82.487, 279
-50.317, 27.6435, 289

-86.7054, 25.4348, 234
-100.714, 102.991, 282
-65.7768, 117.243, 278
-29.3571, 115.557, 274
5.01786, 83.0783, 281
-48.8571, 31.3043, 288

-84.6161, 26.4522, 234
-101.25, 104.696, 280
-65.067, 118.37, 275
-30.6429, 111.339, 264
3.77679, 83.3739, 282
-51.7857, 35.3043, 290

-85.7143, 29.2174, 240
-101.612, 103.848, 281
-66.7768, 119.23, 277
-34.4196, 109.504, 257
3.77679, 84.6, 282
-48.067, 36.6913, 291

-82.4464, 29.5826, 243
-100, 104.696, 280
-68.2589, 114.826, 278
-39.808, 97.4478, 241
8.96875, 86.1, 287
-49.5357, 34.2783, 292

-80.1696, 34.2261, 246
-102.335, 109.509, 283
-66.5357, 116.4, 276
-43.2143, 95.7478, 242
5.05357, 87.3609, 283
-50.0446, 25.6522, 295

-78.4286, 33.9478, 244
-100.714, 105.443, 282
-66.5357, 116.4, 276
-45.375, 91.5391, 242
7.63393, 87.9783, 285
-48.3973, 22.9304, 293

-68.8571, 34.5783, 241
-99.4554, 106.67, 282
-65.3036, 116.4, 276
-46.875, 83.6957, 250
11.25, 86.4348, 280
-47.25, 24.287, 294

-66.1607, 35.4391, 247
-101.25, 107.13, 280
-64.0714, 118.8, 276
-47.2098, 75.6087, 235
10, 88.8696, 280
-50.0446, 21.8043, 295

-63.9554, 36.513, 247
-100.165, 108.391, 277
-65.5402, 121.639, 277
-46.875, 72.8261, 250
9.96429, 86.1261, 279
-47.4107, 19.2391, 295

-63.7411, 35.7739, 242
-98.2143, 105.217, 275
-65.067, 120.761, 275
-49.1071, 68.4783, 250
8.59375, 87.2826, 275
-44.3214, 20.313, 292

-63.3616, 37.8913, 249
-97.5, 104.452, 273
-63.1429, 119.443, 272
-49.8214, 64.6956, 248
9.71429, 87.5131, 272
-50.2143, 23.1652, 296

-63.2143, 35.4783, 240
-98.7187, 104.452, 273
-64.3571, 117.078, 272
-52.0357, 61.4609, 248
8.46875, 86.013, 271
-44.625, 17.8957, 294

-61.25, 37.2826, 245
-97.6339, 104.478, 270
-65.3304, 116.648, 271
-55.5625, 57.4261, 254
6.00446, 85.3783, 269
-51.5357, 18.0174, 296

-62.5982, 36.3652, 246
-96.9107, 101.374, 268
-64.8482, 113.448, 269
-56.2366, 52.6217, 247
3.60268, 86.5478, 269
-53.0357, 19.3696, 297

-62.6607, 35.7739, 242
-97.375, 101.774, 266
-64.3661, 114.926, 267
-56.4107, 47.5435, 243
4.76786, 84.7435, 267
-54.1786, 15.4435, 296

-62.4018, 38.7696, 241
-101.25, 98.6087, 270
-65.3304, 110.757, 271
-53.375, 48.8, 244
3.57589, 82.4217, 267
-54.1786, 14.1565, 296

-65.0893, 36.9783, 243
-100.179, 96.4174, 264
-67.25, 113.448, 269
-54.6875, 47.9348, 245
4.73214, 81.8043, 265
-48.3973, 17.8348, 293

-79.9464, 31.5652, 242
-99, 97.5652, 264
-67.433, 112.913, 265
-48.6786, 77.6696, 232
5.91518, 85.2609, 265
-50.0446, 19.2391, 295

-90.75, 28.4087, 242
-99, 99.8609, 264
-67.6875, 114.496, 266
-45.0268, 99.4696, 246
3.57589, 82.4217, 267
-51.5357, 21.8783, 296

-104.571, 27.5826, 244
-99.7991, 97.1957, 263
-67.25, 114.617, 269
-40.2232, 108.304, 265
4.78571, 85.0609, 268
-50.3839, 27.1174, 297

-115.415, 22.9174, 251
-99.75, 99.4609, 266
-67.25, 113.448, 269
-37.7143, 111.339, 264
7.25893, 83.6565, 271
-49.875, 29.4, 294

-129.5, 18.0174, 259
-101.317, 98.6739, 267
-65.0893, 113.87, 270
-35.6027, 115.978, 275
8.53125, 81.9, 273
-51.1875, 19.1739, 294

-138.545, 14.8652, 263
-98.8393, 97.4348, 270
-66.0536, 113.174, 274
-32.3839, 111.6, 279
8.5625, 81.0087, 274
-47.7366, 22.6174, 289

-137.75, 9.25217, 266
-99.0804, 97.6869, 274
-63.9777, 114.843, 281
-28.3393, 111.6, 276
11.2098, 81.2739, 279
-51.9643, 22.7739, 291

-141.549, 7.06956, 271
-101.036, 99.6, 276
-62.0536, 117.243, 278
-29.6786, 109.596, 277
9.85714, 79.2, 276
-56.4375, 20.4522, 294

-142.071, 5.91304, 272
-101.25, 97.3913, 280
-62.2768, 112.813, 279
-29.4643, 106.413, 275
13.6518, 80.9826, 278
-49.9688, 23.7087, 287

-141.549, 7.06956, 271
-99.2857, 99.113, 278
-63.067, 114.413, 277
-25.5938, 108.013, 273
13.5045, 78.913, 275
-55.6696, 20.1739, 290

-143.438, 7.04348, 270
-100.527, 100.322, 278
-60.1563, 115.978, 275
-24.1071, 109.174, 270
14.5714, 80.4174, 272
-54, 16.2783, 288

-144.339, 3.57391, 274
-102.5, 99.8261, 280
-62.9107, 111.935, 271
-25.125, 109.53, 268
14.5714, 80.4174, 272
-52.5312, 24.9565, 287

-140.504, 8.18696, 269
-110.571, 105.183, 288
-71.6429, 114.713, 272
-28.7143, 110.696, 268
10.9688, 83.087, 273
-52.3482, 22.3826, 286

-134.866, 11.5217, 265
-111.08, 100.722, 286
-77.4777, 112.604, 267
-32.4241, 113.448, 269
8.625, 84, 276
-53.2634, 24.0391, 291

-118.464, 19.4087, 248
-105.75, 105.443, 282
-80.1607, 107.2, 268
-32.5446, 111.522, 270
11.0491, 82.5, 275
-55.5, 23.1652, 296

-118.125, 23.0087, 252
-105.871, 104.322, 279
-75.6741, 97.9, 253
-34.0491, 108.63, 263
8.59375, 81.3043, 275
-53.0357, 24.5348, 297

-107.625, 27.8087, 246
-102.866, 103.848, 281
-80.192, 95.7, 253
-38.5536, 100.496, 254
8.75, 80.3478, 280
-53.5714, 23.4783, 300

-99.2411, 31.1435, 247
-103.379, 104.322, 279
-78.8661, 82.0696, 242
-43.7679, 104.322, 258
7.5, 84, 280
-59.7143, 21.1478, 304

-93.6786, 35.0087, 244
-101.527, 101.261, 274
-81.9643, 77.6087, 255
-46.25, 103.6, 259
7.55357, 85.8261, 282
-54.2857, 19.8261, 304

-86.7857, 35.9217, 243
-99.9375, 99.7043, 273
-85.7098, 72.0391, 263
-46.7857, 100.243, 262
6.38393, 85.8, 286
-51.2321, 18.3826, 302

-80.8214, 37.7391, 248
-99.5714, 96.9739, 272
-78.8571, 69.0087, 256
-48.5625, 97.9696, 259
6.40625, 84.8522, 287
-49.7187, 23.5565, 301

-79.7143, 37.7391, 248
-99.9375, 92.5826, 273
-80.3571, 60.8696, 250
-49.3348, 93.8609, 257
7.79464, 88.5652, 291
-49.8839, 21.0087, 302

-78.9241, 37.8913, 249
-99.2054, 91.9043, 271
-77.4107, 58.7609, 255
-48.7589, 92.7652, 254
7.6875, 86.1, 287
-48.6964, 19.7609, 303

-76.5625, 38.3478, 245
-94.5179, 87.3913, 268
-77.1875, 52.6217, 247
-49.8929, 89.4522, 254
8.96875, 86.1, 287
-51.9107, 19.9565, 306

-77.6563, 39.413, 245
-96.5491, 89.3869, 267
-77.1875, 53.6956, 247
-50.625, 89.8435, 252
9.125, 92.6783, 292
-56.0089, 17.2957, 306

-78.2902, 41.8826, 247
-94.6429, 89.8696, 265
-79.7143, 59.3043, 248
-49.8929, 90.5565, 254
9.03125, 86.7, 289
-48.8571, 19.8261, 304

-83.125, 36.2174, 245
-93.9286, 92.6217, 263
-73.9286, 86.6087, 240
-46.25, 96.8435, 259
7.6875, 86.1, 287
-48.6964, 21.0783, 303

-108.723, 21.3913, 246
-97.8571, 102.452, 274
-66.0536, 116.748, 274
-37.5714, 110.917, 263
12.9911, 87.3, 291
-54.1071, 19.7609, 303

-114.375, 18.0348, 244
-97.5, 100.891, 273
-68.0134, 114.413, 277
-40.375, 108.713, 266
9.03125, 86.7, 289
-55.2768, 19.6957, 302

-114.045, 16.7652, 241
-100.888, 100.683, 279
-66.0536, 115.557, 274
-35.7589, 107.961, 267
9.03125, 86.7, 289
-50.5536, 23.3217, 298

-119.821, 12.7304, 244
-100.165, 101.165, 277
-62.8393, 114, 276
-33.0268, 108.409, 274
6.42857, 86.4, 288
-53.3929, 22.1, 299

-124.875, 10.9565, 252
-100.714, 99.3131, 282
-64.5357, 111.2, 278
-34.25, 106.026, 274
7.71429, 83.8956, 288
-54.3616, 19.3696, 297

-122.277, 9.74348, 249
-98.0446, 96.6957, 278
-66.25, 112, 280
-31.8036, 106.026, 274
6.42857, 82.6435, 288
-51.1875, 19.1739, 294

-117.188, 11.9565, 250
-99.1027, 98.9609, 281
-63.2946, 112.409, 278
-34.5, 108, 276
5.10714, 78.3391, 286
-56.6295, 15.3913, 295

-116.884, 11.813, 247
-99.2857, 101.53, 278
-65, 112, 280
-32.5, 110.783, 280
6.42857, 81.3913, 288
-49.5357, 21.5826, 292

-114.286, 18.9217, 256
-99.2857, 102.739, 278
-63.9777, 111.178, 281
-35.6027, 106.413, 275
7.76786, 84.4783, 290
-53.9955, 19.2391, 295

-112.589, 24.8696, 260
-98.7187, 99.7043, 273
-64.0714, 112.8, 276
-35.9911, 111.2, 278
6.42857, 83.8956, 288
-44.3214, 20.313, 292

-109.286, 24.3913, 255
-97.5, 96.1435, 273
-63.75, 114.435, 280
-36.9643, 108, 276
7.79464, 83.5043, 291
-50.8929, 19.5652, 300

-105.219, 29.2783, 259
-95.0625, 90.2087, 273
-64.7679, 112.813, 279
-40, 110.783, 280
5.125, 83.6044, 287
-48.2143, 20.8696, 300

-97.4866, 31.6478, 251
-97.6339, 83.3478, 270
-70.75, 119.352, 283
-40, 113.217, 280
5.16071, 87.9565, 289
-47.0312, 24.8652, 301

-97.4866, 33.8304, 251
-96.1875, 76.3304, 266
-71.5, 118.13, 286
-43.9062, 112.4, 281
3.95089, 88.5, 295
-46.5625, 29.8, 298

-93.7143, 34.5044, 256
-90.6384, 68.1609, 257
-68.5045, 118.878, 279
-44.0625, 111.574, 282
3.97768, 89.1, 297
-48.6964, 22.3957, 303

-92.25, 36.1565, 252
-93.6696, 66.6652, 269
-71.7589, 121.383, 282
-48.3482, 114, 285
0, 89.4, 298
-50.2143, 25.113, 304

-92.6339, 38.0435, 250
-91.6964, 58.7826, 260
-71.4643, 117.6, 276
-48.9286, 109.6, 274
2.63393, 88.5, 295
-52.25, 20.087, 308

-93.6562, 40.5391, 259
-89.8393, 52.7217, 258
-73.3929, 113.174, 274
-48.4018, 108.783, 278
0, 92.9174, 301
-49.0179, 22.5435, 305

-95, 45.1043, 266
-89.7188, 52.2, 261
-74.3437, 109.2, 273
-52.5982, 108.409, 274
-2.6875, 90.3, 301
-58.125, 24.2609, 310

-109.607, 28.0348, 248
-92.5, 88.9609, 259
-69.9107, 115.043, 270
-42.3438, 108.4, 271
6.65179, 88.1044, 298
-55.3571, 20.2174, 310

-120.192, 8.5913, 247
-97.6339, 103.304, 270
-60.7143, 117.078, 272
-34.25, 109.6, 274
10.6429, 88.1044, 298
-52.2321, 23.4783, 300

-126.214, 1.07826, 248
-102.143, 105.696, 286
-64.2857, 117.704, 288
-30.692, 110, 275
6.5625, 83.087, 294
-53.6295, 19.1087, 293

-134.237, 3.35217, 257
-98.9286, 96.3478, 277
-63.5223, 112.813, 279
-30.5804, 110.791, 274
9.09375, 84.7696, 291
-55.125, 21.7304, 294

-143.241, 5.71739, 263
-102.866, 97.7391, 281
-65.9286, 116.07, 284
-31.8036, 111.983, 274
7.6875, 83.6044, 287
-51.4286, 25.0435, 288

-144.339, 7.14783, 274
-100.357, 97.7391, 281
-67.1964, 116.07, 284
-31.8036, 108.409, 274
8.9375, 83.313, 286
-56.0536, 21.5826, 292

-143.969, 8.24783, 271
-105.062, 98.5783, 287
-68.7054, 115.239, 285
-34.375, 107.609, 275
5.10714, 83.313, 286
-66.0714, 19.3043, 296

-145.393, 7.2, 276
-104.866, 102.13, 290
-68.7054, 114, 285
-35.8616, 112.004, 277
3.81696, 81.7826, 285
-57.9464, 23.087, 295

-149.089, 8.4, 276
-108.196, 100.296, 292
-69.9777, 111.522, 285
-35.4732, 107.217, 274
3.80357, 80.2609, 284
-56.2455, 24.2043, 293

-145.393, 8.4, 276
-107.826, 101.217, 291
-69.9777, 114, 285
-40.4286, 111.97, 283
3.81696, 83.0217, 285
-61.1964, 27.2087, 298

-154.134, 8.61304, 283
-111.75, 101.061, 298
-71.25, 116.478, 285
-40.2857, 111.574, 282
2.52679, 81.2087, 283
-64.9286, 23.713, 303

-147.817, 8.61304, 283
-112.701, 102.013, 297
-74.5714, 113.948, 288
-40.6607, 108, 276
0, 79.0261, 284
-67.1875, 14.3957, 301

-150.134, 6.19565, 285
-114.219, 100.77, 301
-78.75, 117.6, 294
-36.9643, 106.8, 276
3.77679, 79.6956, 282
-65.8437, 22.2478, 301

-152.143, 4.93913, 284
-109.679, 101.67, 296
-70.4688, 116.048, 287
-40.5134, 107.609, 275
3.76339, 79.413, 281
-60.9911, 24.5348, 297

-149.906, 6.23913, 287
-110.049, 104.596, 297
-71.75, 112.304, 287
-35.7321, 105.6, 276
6.25, 77.913, 280
-67.6339, 15.8087, 303

-148.371, 5.02609, 289
-105.714, 102.957, 296
-69.9777, 114, 285
-35.6027, 105.217, 275
7.52679, 76.9696, 281
-64.9286, 15.8087, 303

-150.429, 3.75652, 288
-107.036, 102.957, 296
-67.7857, 115.53, 292
-34.125, 103.265, 273
10.1071, 77.5174, 283
-61.4018, 16.9, 299

-150.429, -1.25217, 288
-104.746, 96.8478, 297
-68.3795, 110.574, 289
-37.0982, 99.9609, 277
6.25, 73.0435, 280
-65.7857, 13.3478, 307

-147.589, -5.04348, 290
-110.92, 92.2174, 303
-70.9598, 106.804, 289
-39.5714, 98.7565, 277
6.25, 69.3913, 280
-65.0446, 6.73913, 310

-142.576, -7.64348, 293
-111.375, 85.7043, 308
-72.6786, 101.67, 296
-45.4688, 97.4217, 291
0, 66.4435, 283
-62.4643, 11.0609, 318

-143.063, -7.66957, 294
-112.46, 82.4826, 311
-72.8036, 99.7913, 302
-50.2143, 88.8, 296
-7.71429, 63.8609, 288
-58.0223, -8.26957, 317

-143.063, -10.2261, 294
-115.353, 79.0565, 319
-79.75, 97.7565, 308
-56.4375, 88.9913, 301
-18.817, 61.087, 281
-62.8571, -2.78261, 320

-140.545, -12.913, 297
-116.411, 77.4261, 318
-87.4152, 96.3, 321
-59.2634, 82.087, 295
-27.7232, 52.8261, 270
-66.3304, -2.8087, 323

-140.545, -12.913, 297
-119.705, 75.3522, 327
-89.7143, 92.8348, 314
-65.1161, 78.3391, 286
-40.6786, 50.1043, 268
-71.0937, -5.65217, 325

-136.107, -9.0087, 296
-124.844, 77.2435, 329
-89.1429, 94.9565, 312
-72.433, 82.087, 295
-58.9286, 43.6174, 264
-75.9107, -8.53043, 327

-128.054, -7.4087, 284
-125.125, 72.313, 308
-89.7321, 95.2174, 300
-69.4866, 78.7478, 283
-65.9063, 41.6652, 259
-76.6607, -14.087, 324

-94.7679, 6.36522, 244
-111.205, 73.7391, 265
-75.4286, 95.7217, 256
-60.75, 80.2957, 243
-76.5848, 23.5, 235
-72.433, -7.69565, 295

-83.2232, 7.27391, 239
-107.531, 75.4478, 259
-72, 101.896, 252
-55.4464, 85, 230
-76.9732, 22.287, 233
-67.3214, -5.04348, 290

-80.4955, 10.7391, 247
-104.071, 78.713, 248
-66.7187, 103.326, 245
-54.183, 85.6261, 229
-72.0804, 23.4, 234
-63.1696, -1.23043, 283

-77.1429, 16.6957, 240
-106.96, 83.7652, 247
-68.3661, 108.465, 247
-56.1696, 93.2, 233
-69.2411, 30.6522, 235
-56.0625, 2.37391, 273

-75.8571, 17.4435, 236
-111.161, 83.3609, 249
-79.875, 100.8, 252
-58.5268, 92, 230
-64.8125, 34.1478, 238
-68.7054, 11.1522, 285

-69.9911, 28.487, 234
-116.875, 73.4696, 238
-96.3839, 101.6, 254
-73.0714, 99.2, 248
-65.9018, 39.9826, 242
-63.75, 15.8261, 280

-66.8571, 32.5565, 234
-118.045, 77.3217, 234
-102.143, 105.13, 260
-76.1964, 99.3087, 251
-59.3884, 45.8348, 251
-65.6964, 15.9957, 283

-63.4777, 39.8174, 241
-116.384, 75.2217, 237
-106.786, 104, 260
-87.2143, 105.6, 264
-59.5446, 49.4, 247
-66.3929, 21.1391, 286

-67.7143, 42.2478, 237
-116.875, 76.5739, 238
-106.786, 105.13, 260
-90.067, 107.6, 269
-57.9688, 50.0652, 245
-67.0893, 20.1043, 289

-74.9821, 41.8826, 247
-120.5, 77.5391, 241
-111.205, 103.696, 265
-86.8839, 102.913, 263
-55.6027, 88.7174, 265
-69.6429, 28.6957, 300

-72.3839, 41.0348, 242
-121.5, 77.1261, 243
-114.857, 104.87, 268
-91.2679, 102.922, 269
-58.1161, 95.9739, 283
-73.2857, 30.4, 304

-72.9821, 39.2522, 244
-121.295, 76.2478, 247
-115.286, 100.583, 269
-92.2857, 102.887, 272
-64.2857, 98.9217, 288
-71.9286, 25.113, 304

-75.5893, 38.9739, 249
-121.786, 76.5565, 248
-111.205, 97.9348, 265
-91.0714, 101.704, 272
-68.9866, 97.487, 303
-73.1116, 25.5261, 309

-77.933, 33, 253
-122.138, 76.3913, 251
-112.513, 95.4391, 271
-83.1786, 95.3043, 274
-68.1429, 89.8696, 318
-74.0536, 22.1913, 319

-83.8929, 31.7739, 261
-127.004, 71.4913, 261
-117.857, 93.2609, 275
-85.1518, 81.6739, 289
-69.4286, 81.7043, 324
-78.5893, 12.7565, 326

-87.1071, 20.0304, 271
-131.625, 65.2826, 273
-117.08, 85.8261, 282
-84, 72.8609, 294
-69.8214, 78.3478, 340
-75.4464, -5.87826, 338

-92.5, 12.1739, 280
-139.464, 61.7391, 284
-118.219, 79.7087, 291
-89.433, 54.6, 299
-70.3125, 77.6087, 350
-82.4464, -1.48696, 342

-97.433, 6.32609, 291
-143.063, 56.2435, 294
-124.138, 74.1, 299
-91.875, 35.7913, 294
-69.3393, 61.3913, 353
-91.1429, -16.8348, 352

-109.286, -2.66087, 306
-149.875, 49.5478, 308
-128.705, 71.4348, 310
-106.241, 21.2609, 326
-69.7321, 58.6522, 355
-98.8125, -20.1783, 357

-114.214, -6.78261, 312
-158.125, 47.6, 322
-133.446, 67.7478, 318
-100.607, 17.6913, 313
-72.1205, 53.0696, 359
-93.4732, -25.113, 361

-124.393, -12.6783, 324
-160.058, 43.5348, 323
-144.634, 58.087, 334
-112.982, 5.7913, 333
-70.9107, 48.6565, 361
-111.268, -40.4348, 372

-140.054, -19.2739, 341
-167, 37.7565, 334
-150.598, 52.2783, 334
-125.982, -8.66087, 332
-72.7232, 36.2, 362
-109.312, -43.5522, 371

-144.964, -21.3913, 328
-177.121, 34.5, 345
-151.049, 46.6087, 335
-134.875, -17.3217, 332
-77.3571, 28.2522, 361
-121.232, -46.9043, 372

-156.679, -24.2435, 328
-178.147, 34.7, 347
-163.594, 50.0739, 349
-146.125, -17.4261, 334
-82.3393, 27.2348, 348
-131.625, -47.6609, 378

-175.036, -19.1043, 338
-185.955, 44.5087, 353
-166.964, 51.7391, 340
-159.607, -12.8348, 328
-91.6161, 28.7826, 331
-139.107, -42.9565, 380

-177.067, -13.2652, 339
-185.955, 47.5783, 353
-166.473, 57.4826, 339
-170.509, -8.81739, 338
-91.6161, 37.4174, 331
-146.473, -36.9217, 386

-174.518, -5.86087, 337
-193.929, 53.513, 362
-167.491, 64.6609, 338
-167.438, 5.72174, 329
-98.3705, 44.2174, 339
-149.732, -33.913, 390

-186.964, 1.51739, 349
-198.795, 60.3043, 365
-174.054, 69.887, 342
-164.5, 21.4565, 329
-95.4911, 52.5, 345
-149.92, -21.8174, 386

-184.089, 10.287, 338
-202.009, 69.2522, 362
-181.246, 81.4696, 347
-162.888, 53.3739, 341
-95.8571, 65.8087, 352
-149.92, -6.71304, 386

-195.804, 19.2174, 340
-211.121, 72.2, 361
-187.5, 85.2174, 350
-159.121, 72.5087, 327
-102, 76.0565, 357
-161.92, -1.69565, 390

-181.125, 23.8, 322
-220.143, 80, 368
-196.429, 90.2957, 352
-161.518, 83.0217, 335
-108.134, 86.1652, 367
-158.031, 3.38261, 389

-180.563, 30.7043, 321
-221.17, 81.1652, 359
-192.924, 88.8478, 335
-163.5, 92.0348, 336
-117.786, 94.4696, 388
-153.482, 19.9304, 382

-176.062, 39.4652, 313
-215, 83.7565, 344
-195.938, 93.2609, 330
-158.112, 96.4217, 331
-120.763, 97.7348, 381
-149.679, 16.5652, 381

-173.268, 42.187, 313
-216.17, 85.9913, 341
-183.393, 93.4261, 316
-159.121, 105.209, 327
-122.536, 102.991, 376
-146.929, 29.2696, 374

-166.071, 45.6522, 300
-208.754, 86.7261, 327
-171.563, 94.1522, 305
-153.321, 109.878, 324
-122.786, 107.957, 382
-134.875, 28.487, 364

-161.437, 43.4609, 294
-200.17, 85.7217, 318
-170.5, 101.774, 308
-149.5, 114.8, 322
-114.589, 108.365, 372
-138.214, 29.7391, 360

-154.955, 32.5043, 267
-200.17, 87.1044, 318
-163.674, 102.757, 303
-141.871, 115.839, 321
-116.129, 108.183, 377
-132.813, 22.8261, 350

-153.683, 16.6304, 255
-192.366, 87.6087, 310
-147.071, 103.722, 284
-125.679, 117.078, 306
-103.594, 113.309, 357
-122.143, 40.1478, 342

-151.679, 6.46956, 248
-179.598, 89.4, 298
-139, 101.53, 278
-118.25, 117.783, 301
-91.3393, 112.678, 341
-116.429, 28.3478, 326

-143.344, -5.02174, 231
-172.366, 87.0435, 286
-142.089, 107.913, 292
-115.737, 122, 305
-86.7411, 112.152, 335
-112.857, 26.4348, 320

-151.071, -14.6087, 240
-165.134, 83.3913, 274
-120.933, 97.1957, 263
-97.5, 112, 280
-77.625, 107.8, 322
-99.3973, 25.1957, 305

-146.625, -14.487, 238
-160.92, 83.0391, 269
-118.004, 99.8348, 267
-89.0625, 106.4, 266
-68.5268, 102.778, 307
-93.4375, 23.4, 299

-142.018, -14.6696, 241
-150.308, 79.4348, 261
3.2001e+007, 3.2001e+007, 3.2001e+007
-87.0134, 105.639, 267
-68.6875, 102.391, 314
-92.5, 20.5913, 296

-136.714, -5.04348, 232
-147.429, 79.0261, 256
-115.429, 92.3826, 256
-89.8571, 105.252, 272
-68.3036, 98.4522, 306
-88.5357, 15.4435, 296

-130.5, 2.01739, 232
-147.96, 75.9, 253
-112.929, 87.3391, 248
-87.3393, 103.704, 268
-64.4152, 97.4391, 307
-89.5536, 14.1087, 295

-118.071, 9.91304, 228
-141.714, 76.5565, 248
-114.496, 85.5261, 249
-90.9286, 99.0435, 268
-65.3571, 94.1522, 305
-92.5, 12.8696, 296

-112.946, 19, 230
-142.875, 69.5739, 254
-110.259, 75.9783, 233
-92.8571, 96.087, 260
-67.375, 92.4, 308
-87.0536, 13.0435, 300

-111.429, 22.9565, 240
-142.821, 72.2435, 248
-105.937, 61.9043, 226
-97.875, 91.9174, 261
-69.8973, 86.7609, 307
-89.2768, 11.8565, 303

-110.92, 26.7391, 246
-143.438, 65.413, 255
-112.018, 52.4087, 246
-98.6607, 85.913, 260
-74.2946, 86.0087, 314
-95.4911, 8.08696, 310

-111.429, 26.087, 240
-143.429, 58.9304, 251
-114.036, 40.9739, 248
-106.473, 76.0435, 265
-72.8929, 84.6435, 314
-90.8259, 5.44348, 313

-117.188, 25, 250
-149.152, 59.2217, 257
-121.179, 39.7174, 261
-110.058, 73.4652, 277
-83.4643, 84.1391, 328
-95.7143, 4.17391, 320

-127.54, 24.3783, 267
-170.558, 57.8304, 283
-128.018, 37.287, 268
-123.848, 69.6348, 286
-92.0446, 82.2956, 338
-107.545, 2.86957, 330

-146.554, 27.0696, 283
-178.661, 56.7391, 290
-141.991, 40.0304, 279
-136.406, 72.1174, 291
-103.42, 82.4087, 351
-120, -1.46087, 336

-160.433, 27.1174, 297
-179.335, 55.287, 289
-149.08, 36.913, 283
-140.915, 66.6957, 295
-110.893, 82.9565, 360
-124.464, 4.43478, 340

-170.893, 20.1739, 290
-201.094, 57.5217, 315
-171, 47.5826, 304
-146.183, 69.2609, 295
-115.071, 84.0522, 358
-134.375, 1.52174, 350

-183.75, 12.7826, 294
-207.92, 61.0261, 319
-183.357, 68.2783, 302
-160.692, 78.9304, 313
-121.902, 86.6348, 369
-144.625, 3.09565, 356

-194.25, 7.72174, 296
-215.393, 69.4522, 326
-195.871, 84.7826, 325
-161.205, 81.913, 314
-119.589, 83.4174, 362
-156.188, 7.76087, 357

-207.643, 1.32174, 304
-223.5, 77.4261, 336
-198.312, 97.2956, 334
-172.018, 99.9304, 338
-121.902, 89.8435, 369
-157.5, 6.26087, 360

-208.312, -3.95217, 303
-225.268, 81.7043, 348
-195.228, 100.226, 339
-167.879, 111, 345
-126.563, 98.6087, 378
-155.893, 18.7826, 360

-208.973, 1.31304, 302
-232.388, 92.0913, 359
-187.107, 114.626, 338
-157.259, 117.47, 342
-115.375, 101.287, 364
-155.027, 26.4609, 358

-207.643, 2.64348, 304
-217.795, 87.2522, 346
-180.536, 115.752, 337
-152.92, 121.852, 346
-114.741, 102.304, 362
-155.027, 18.6783, 358

-209, 6.69565, 308
-201.571, 92.3826, 332
-178.143, 121.148, 344
-139.232, 123.809, 339
-111.567, 111.9, 373
-147.714, 33.6696, 352

-199.446, 10.1565, 292
-198.536, 95.2565, 327
3.2001e+007, 3.2001e+007, 3.2001e+007
-134.875, 129.913, 332
-103.013, 109.587, 355
-144.067, 27.1565, 347

-191.446, 9.87826, 284
3.2001e+007, 3.2001e+007, 3.2001e+007
-149.513, 117.035, 313
-119.911, 125.026, 316
-88.5, 107.739, 354
-128.259, 32.3304, 338

-179.156, 14.2435, 273
-163.304, 101.326, 295
-139.219, 123.261, 315
-109.25, 128.8, 322
-79.2411, 117.304, 355
-119.286, 40.6609, 334

-158.464, 19.2913, 261
-150.429, 105.183, 288
-128.29, 123.6, 309
-97.6473, 126.8, 317
-66.4196, 112.826, 346
-106.705, 40.7261, 323

-145.714, 15.5217, 255
-130.661, 96.6174, 271
-114.964, 120.974, 296
-89.4286, 127.922, 313
-60.8929, 111.196, 341
-102.214, 31.8, 318

-139.473, 17.6696, 254
-128.607, 102.37, 277
-110.554, 122.113, 302
-79.75, 127.217, 308
-53.9063, 114, 345
-85.4464, 40.2217, 319

-126.214, 18.3304, 248
3.2001e+007, 3.2001e+007, 3.2001e+007
-106.554, 125.061, 306
-73.1116, 126.287, 309
-49.2054, 106.009, 334
-77.3437, 36.9783, 315

-118.464, 21.5652, 248
-101.719, 93.7391, 245
-94.4196, 116.478, 282
-70.8036, 124.652, 305
-43.1116, 102.796, 333
-77.8348, 27.5652, 317

-106.96, 23.6261, 247
-102.509, 87.4956, 258
-99, 117.704, 288
-70.1071, 120.8, 302
-40.7411, 101.4, 338
-74.5312, 35.6087, 315

-99.125, 24.4, 244
-100.875, 77.1913, 269
-98.7321, 115.135, 291
-72.1652, 118.022, 305
-39, 97.8783, 336
-72.4018, 27.6522, 318

-98.6071, 27.2826, 251
-97.7411, 66.1696, 267
-99.4107, 112.104, 293
-75.8705, 114.196, 309
-40.5, 94.9565, 336
-63.8839, 13.8261, 318

-93.2946, 28.0435, 258
-93.5714, 36.4522, 262
-100.375, 101.565, 292
-75.3795, 105.448, 307
-40.1384, 83.9739, 333
-65.5089, 5.54783, 319

-94.8125, 22.5217, 259
-92.0491, 32.9087, 261
-99.2411, 97.8913, 285
-72.8036, 99.7913, 302
-34.0893, 80.8348, 332
-62.6607, 11.0957, 319

-93.7143, 22.2609, 256
-94.4464, 32.5304, 258
-93.6429, 94.8, 276
-70.6339, 98.0913, 293
-35.1429, 79.8609, 328
-62.4643, 6.91304, 318

-92.1429, 14.6087, 240
-91.875, 40.4783, 245
-90.8482, 94.4565, 275
-65.7991, 98.0087, 289
-28.4821, 81.8304, 319
-63.2812, 6.84783, 315

-98.4375, 11.7174, 245
-93.6786, 51.9826, 244
-89.1964, 95.087, 270
-64.2054, 96.8609, 282
-28.3929, 80.1913, 318
-62.8795, 6.80435, 313

-106.96, 5.36956, 247
-101.969, 70.9348, 251
-84.8571, 97.5652, 264
-61.6071, 97.2, 276
-25.1518, 80.2913, 313
-62.2768, 9.43478, 310

-145.67, -1.0913, 251
-139.304, 91.2261, 269
-112.839, 112.365, 284
-86.625, 116.322, 294
-50.3125, 106.4, 322
-82.2321, 25.3609, 307

-153, -1.09565, 252
-147.687, 96.6957, 278
-118.696, 116.857, 289
-88.9464, 117.2, 293
-49.2188, 105.457, 315
-93.9509, 26.5217, 305

-158.857, -2.22609, 256
-152.679, 95.413, 285
-117.406, 116.857, 289
-89.25, 118.878, 294
-50.625, 108.196, 315
-94.875, 29.4609, 308

-158.237, -1.1087, 255
-151.955, 92.1913, 279
-121.232, 114.261, 292
-91.1786, 115.826, 296
-51.2054, 105.13, 310
-101.027, 25.6087, 310

-162.79, -3.32609, 255
-156.661, 92.2826, 283
-129.062, 115.435, 295
-97.1161, 119.2, 298
-53.2768, 106.435, 306
-102.79, 29.3652, 307

-170.286, -1.11304, 256
-167.009, 93.3043, 290
-132.563, 112.487, 294
-102.125, 120.4, 301
-57.4732, 109.217, 314
-103.795, 33.6957, 310

-167.161, 2.2, 253
-177.375, 95.5348, 301
3.2001e+007, 3.2001e+007, 3.2001e+007
-101.571, 122.713, 288
-60.5, 108.47, 308
-108.272, 36.0391, 307

-170.549, -1.1, 253
-175.75, 95.2348, 296
-138.75, 108.104, 296
-106.674, 118, 295
-60.067, 104, 299
-109.643, 36.0391, 307

-176.429, -6.78261, 260
-177.286, 85.0609, 292
-145.357, 108.104, 296
-110.692, 116.478, 285
-67.1875, 102.078, 301
-121.978, 24.0261, 307

3.2001e+007, 3.2001e+007, 3.2001e+007
-194.232, 77.7391, 298
-162.848, 102.7, 299
3.2001e+007, 3.2001e+007, 3.2001e+007
-78.4554, 93.5348, 303
-126.089, 16.0174, 307

3.2001e+007, 3.2001e+007, 3.2001e+007
-205.58, 73.413, 307
-177.375, 100.435, 308
-137.893, 102.013, 297
-91.9286, 89.5304, 312
-132.942, 8.0087, 307

3.2001e+007, 3.2001e+007, 3.2001e+007
-208.312, 67.187, 303
-172.522, 91.0652, 295
-143.781, 100.77, 301
-90.4554, 81.4217, 307
-137.5, 1.33913, 308

3.2001e+007, 3.2001e+007, 3.2001e+007
-214.5, 58.3304, 312
-183.652, 90.7652, 307
-145.848, 96.8478, 297
-95.4911, 78.1739, 310
-129.121, 2.70435, 311

3.2001e+007, 3.2001e+007, 3.2001e+007
-211.714, 58.1565, 304
-180.911, 88.0957, 307
-143.781, 96.8435, 301
-96.7232, 77.8174, 314
-139.777, -5.3913, 310

3.2001e+007, 3.2001e+007, 3.2001e+007
-212.433, 58.7304, 307
-175.848, 85.6304, 303
-141.143, 92.5217, 304
-93.1473, 76.7609, 321
-128.143, -8.13913, 312

-197.313, -36.187, 287
-194.906, 64.5652, 297
-167.75, 92.4, 308
-136.937, 100.704, 313
-89.2902, 84.013, 339
-118.772, -8.16522, 313

-188.076, -26.687, 279
-182.75, 70.6696, 301
-151.634, 97.1217, 306
-116.496, 101.443, 307
-72, 86.1913, 336
-105.179, 4.04348, 310

-132.884, -2.10435, 242
-150.951, 77.9044, 289
-120.339, 103.187, 293
-93.0268, 105.043, 302
-47.3571, 89.5304, 312
-83.0357, 16.1739, 310

-110.357, 8.34783, 240
-140.938, 81.1087, 287
-114.75, 107.765, 306
-87.0536, 106.957, 300
-41.7857, 93.6, 312
-66, 17.4087, 308

-92.9107, 16.8348, 242
-133.348, 89.5217, 290
-103.687, 107.374, 294
-72.8036, 110.296, 302
-32.7009, 89.1739, 293
-65.7857, 16.0174, 307

-78.4286, 24.4, 244
-125.96, 94.1739, 285
-99.7678, 115.548, 302
-65.8482, 112.87, 295
-31.1786, 89.8304, 291
-64.2054, 23.9478, 306

-62.5982, 31.0174, 246
-115, 94.9565, 280
-88.9464, 110.83, 293
-61.1964, 108.835, 298
-33.4286, 82.6435, 288
-54.4643, 26.5217, 305

-52.0357, 35.5826, 248
-110.491, 98.0435, 275
-85.1518, 114.343, 289
-58.8616, 113.378, 293
-32.7857, 70.9565, 272
-47.5, 26.4348, 304

-46.7857, 39.8696, 262
-103.661, 97.4348, 270
-85.7411, 111.339, 291
-52.3482, 110.67, 286
-32.0625, 60.1391, 266
-44.6384, 18.4435, 303

-35.7143, 29.3478, 250
-100.589, 87.713, 262
-76.7946, 107.896, 282
-51.25, 106.065, 287
3.2001e+007, 3.2001e+007, 3.2001e+007
-36.1607, 1.30435, 300

-39.3125, 25.9, 259
-99, 86.087, 264
-76.875, 111.057, 287
-49.6429, 100.322, 278
-29.1295, 31.7739, 261
-33.3705, 2.6, 299

-63.7411, 10.5217, 242
-100.179, 84.9391, 264
-74.7321, 106.748, 279
-47.3571, 98.1565, 272
-14.4643, 69.2609, 270
-32.0357, 11.7, 299

-79.2857, 12.5217, 240
-101.357, 90.6783, 264
-75.8393, 104.835, 274
-50.1518, 100.07, 274
-13.125, 85.6435, 294
-47.0312, 14.3957, 301

-94.3795, 14.7913, 243
-103.321, 93.7652, 263
-75.7143, 108.304, 265
-52.2143, 105.252, 272
-15.375, 88.5957, 287
-49.2232, 19.4348, 298

-109.571, 17.4435, 236
-105.871, 94.2391, 255
3.2001e+007, 3.2001e+007, 3.2001e+007
-53.0357, 115.043, 270
-21.2857, 102.357, 298
-55.3125, 32.0652, 295

-115.893, 14.3652, 236
-118.75, 93.6783, 266
-86.7857, 111.522, 270
-56.442, 111.109, 269
-25.0223, 100.043, 295
-60.5804, 24.3696, 295

-116.384, 13.3957, 237
-118.004, 92.8696, 267
-89.3973, 109.122, 267
-61.8304, 119.23, 277
-29.2679, 104.948, 298
-63.6563, 34.1609, 291

-131.804, 10.5217, 242
-131.384, 95.087, 270
-96.7857, 110.757, 271
-70.2321, 114, 276
-40.4464, 107.67, 302
-70.1518, 31.6304, 291

-138.79, 8.38261, 241
-134.692, 90.5478, 267
-107.196, 110.4, 276
-75.8036, 121.813, 283
-47.6563, 106.087, 305
-74.0491, 32.8957, 291

-151.272, 7.63913, 251
-137.75, 91.3652, 266
-110.5, 108.8, 272
-80.9598, 117.665, 279
-51.5714, 107.061, 304
-79.7902, 36.9435, 293

-163.554, 6.73043, 258
-153.893, 91.8609, 278
-121.982, 108, 276
-83.3616, 104.057, 263
-57.6563, 112.304, 315
-88.8348, 24.5348, 297

-168.656, 6.70435, 257
-155.813, 89.1217, 277
-129.071, 102.739, 278
-94.125, 94.9435, 251
-60.2679, 104.348, 300
-102.438, 25.913, 298

-181.857, 3.49565, 268
-164.821, 85.2, 284
-140.143, 86.4, 288
-118.585, 86.9043, 263
-63.8393, 95.6522, 275
-102.438, 19.4348, 298

-183.214, 4.69565, 270
-166.179, 77.2435, 282
-138.616, 92.7391, 270
-120.594, 67.113, 227
-65.8125, 89.0217, 273
-113.46, 14.3, 299

-181.335, 3.5087, 269
-176.754, 79.1609, 289
-138.103, 85.3783, 269
-131.879, 50.7783, 229
-72.8571, 81.6, 272
-121.978, 9.34348, 307

-167.991, 3.45652, 265
-171.888, 69.8522, 277
-142.696, 88.8522, 262
-137.893, 34.5913, 234
-74.2857, 73.4783, 260
-122.946, 2.66087, 306

-168.696, -4.66087, 268
-181.286, 64.9826, 282
-149.625, 86.7391, 266
-141.906, 19.7435, 239
-76.0268, 68.3478, 262
-123.348, -4.00435, 307

-161.518, -8.15652, 268
-177.938, 60.5348, 273
3.2001e+007, 3.2001e+007, 3.2001e+007
-140.571, 10.6957, 246
-74.5759, 60.3391, 257
-123.567, -5.4087, 311

-151.313, -10.5261, 269
-178.5, 59.1304, 272
-150.286, 76.613, 263
-138.951, 3.24783, 249
-73.7143, 58.3304, 258
-118.634, -12.0913, 309

-148.687, -11.8696, 273
3.2001e+007, 3.2001e+007, 3.2001e+007
-149.714, 76.3217, 262
-135.616, 2.16522, 249
-68.3036, 55.4348, 255
-119.402, -16.2261, 311

-140.857, -13.0087, 272
-179.241, 51.413, 275
-145.647, 71.4913, 261
-135.679, -1.13913, 262
-67.692, 55.8696, 257
-119.786, -16.2783, 312

-123.719, -10.1348, 259
-173.75, 45.0435, 280
-142.152, 69.2217, 261
-124.674, 2.26957, 261
-64.3661, 58.0435, 267
-105.187, -19.9565, 306

-106.286, -5.56522, 256
-171.214, 44.9391, 272
-142.607, 72.313, 264
-107.009, 6.65217, 255
-65.5402, 63.8304, 277
-90.3303, -19.6957, 302

-75.9732, 22.087, 254
-143.866, 52.4087, 246
-130.795, 77.1, 257
-74.1786, 34.5043, 248
-66.2813, 76.4087, 303
-70.7455, -10.4, 299

-64.9911, 28.3739, 251
-140.446, 55.7652, 242
-134.357, 83.7913, 264
-66.9018, 41.9652, 254
-69.1964, 79.5217, 310
-64.0714, -3.9, 299

-64.4732, 30.313, 249
-137.638, 59.2304, 239
-134.125, 83.3304, 259
-76.5, 69.0261, 252
-78.5893, 82.2087, 326
-92.8125, 5.16522, 297

-59.9107, 26.5217, 244
-136.571, 61.3087, 239
-128, 83.4783, 256
-87.875, 87.8348, 259
-89.125, 84, 322
-94.1384, 10.3304, 297

-60.75, 26.413, 243
-133.031, 61.2652, 231
-128.5, 84.9217, 257
-97.6339, 91.5652, 270
-94.308, 80.5435, 325
-92.8705, 11.4652, 293

-58.5804, 22.187, 243
-132.75, 61.5652, 236
-122.946, 86.4783, 255
-94.0178, 90.4348, 260
-99.0045, 82.0304, 331
-88.9464, 5.09565, 293

-60.817, 27.0174, 239
-130.58, 64.0957, 234
-109.116, 83.1217, 242
-98.4732, 95.9043, 269
-98.4062, 78.6739, 329
-89.3304, 6.30435, 290

-55.0179, 22.6696, 237
-116.875, 63.1304, 220
-90.75, 82.3565, 231
-88.8929, 93.4087, 262
-98.6607, 74.8913, 325
-89.6384, 12.6522, 291

-55.6027, 23.5, 235
-110.478, 64.7478, 219
-79.4063, 78.3391, 231
3.2001e+007, 3.2001e+007, 3.2001e+007
3.2001e+007, 3.2001e+007, 3.2001e+007
-90.625, 3.78261, 290

-57.1339, 21.6391, 237
-110.478, 63.7956, 219
-64.7098, 65.9304, 223
-81.0268, 85.2261, 242
3.2001e+007, 3.2001e+007, 3.2001e+007
-90, 6.26087, 288

-59.25, 21.6391, 237
-108.522, 61.8913, 219
-65.2902, 60.6522, 225
-78.75, 86.2826, 245
3.2001e+007, 3.2001e+007, 3.2001e+007
-91.2857, 7.51304, 288

-68.6518, 6.07826, 233
-111.5, 56.2348, 223
-62.8304, 32.5696, 227
-73.7679, 80.2957, 243
-76.6607, 84.3391, 318
-69.8973, -2.66957, 307

-73.75, -1.02609, 236
-113.504, 50.8696, 225
-71.5625, 22.9, 229
-74.7768, 77.1739, 250
-74.2857, 83.4783, 320
-77.75, -4.05652, 311

-81.7991, -15.2783, 251
-119.621, 39.5087, 233
-77.2366, 9.27391, 237
-74.7768, 65.2174, 250
-62.6339, 75.587, 305
-79.3929, -10.8522, 312

-87.4018, -17.4609, 251
-121.161, 35, 230
-79.7321, -1.02174, 235
-77.625, 60.2609, 252
-69.7813, 72.1217, 319
-82.9687, -13.6957, 315

-84.6161, -23.2435, 243
-124.312, 27.4696, 234
-87.3125, -8.83478, 254
-81.7991, 50.2, 251
-69.125, 63.2, 316
-82.1786, -21.7043, 312

-90.7857, -30.1913, 248
-128.036, 21.8217, 239
-91.8839, -17.4609, 251
-82.9196, 45.8348, 251
-66.0938, 60.2609, 315
-83.4955, -27.5652, 317

-92.933, -35.7565, 257
-125.906, 18.5478, 237
-93.0045, -18.5522, 251
-84.7098, 42.9, 253
-63.8661, 56.7913, 311
-87.7411, -27.5652, 317

-96.3661, -37.1043, 251
-131.786, 12.8348, 246
-95.2143, -19.4087, 248
-85.3795, 37.6957, 255
-61.0893, 54.087, 311
-83.4955, -31.7, 317

-115.187, -41.6348, 266
-136.071, 7.73043, 254
-110.857, -28.9391, 256
-92.2098, 27.7174, 255
-55.8929, 44.9087, 313
-92.8571, -42.3913, 325

-125.071, -46.1217, 272
-143.317, 6.8087, 261
-122.286, -11.1304, 256
-94.4866, 24.3913, 255
-52.9286, 40.9739, 304
-94.8884, -42.6522, 327

-143.518, -50.2696, 282
-140.518, 10.0957, 258
-129.375, 3.6, 276
-96.375, 20.113, 257
-54.4643, 38.4565, 305
-97.8214, -43.3043, 332

-161.643, -55.8609, 292
-156, 13.0565, 273
-133.482, 19.2174, 260
-102.509, 19.0696, 258
-56.8214, 36.0348, 296
-107.679, -46.6087, 335

-182.143, -54.7826, 300
-166.674, 19.8261, 285
-141.893, 33.3565, 274
-110.786, 24.1043, 264
-66.5, 35.687, 304
-115.357, -39.913, 340

-192.268, -32.8957, 291
-190.96, 62.8478, 295
-167.205, 92.1, 307
-131.21, 92.2174, 303
-91.2277, 81.5652, 335
-125.241, -5.87826, 338

-187.714, -25.0435, 288
-185.781, 71.1261, 287
-164.214, 97.8087, 304
-136.5, 103.096, 312
-92.8616, 91.9217, 341
-122.5, 10.4391, 343

-168.165, -17.6739, 271
-186.951, 76.187, 297
-163.83, 102.765, 311
-135.107, 107.165, 312
-93, 93.4956, 336
-121.786, 10.3783, 341

-155.25, -7.66957, 252
-170.036, 74.4, 276
-156.393, 105.043, 302
-126.214, 111.026, 304
-93.5536, 99.9304, 338
-123.018, 14.4348, 332

-147.991, -1.1087, 255
-158.487, 81.3, 271
-146.571, 105.183, 288
-124.955, 117.639, 311
-91.1339, 106.809, 346
-118.969, 17.1652, 329

-126.964, 9.27391, 237
-139.429, 74.5739, 256
-140.143, 103.93, 288
-121.179, 122.087, 312
-82.25, 108.713, 329
-111.031, 28.087, 323

-125.781, 14.913, 245
3.2001e+007, 3.2001e+007, 3.2001e+007
-139.004, 107.543, 291
-108.527, 114.4, 286
-82.5, 110.478, 330
-102.187, 28.4348, 327

-104.746, 21.6391, 237
-99.5982, 65, 230
-116.812, 102.157, 267
-99.75, 113.765, 294
-69.3438, 107.504, 317
-88.8482, 30.7043, 321

-96.8304, 24.1, 241
-91.9286, 55.9565, 234
-114.857, 107.2, 268
-92.25, 113.552, 287
-62.4643, 106.461, 318
-79.5, 31.8, 318

-91.6607, 23.6, 236
-88.5, 50.2783, 236
-106.031, 102.13, 261
-86.8661, 109.122, 282
-59.0625, 105.457, 315
-79.6473, 31.3, 313

-88.5893, 18.9391, 242
-80.7634, 38.8304, 229
-103.188, 99.3913, 254
-80.4598, 106.43, 269
-55.3661, 105.078, 318
-73.5848, 25.6913, 311

-85.3571, 17.6652, 239
-80, 26.2957, 224
-103.259, 92.7435, 257
-76.5714, 100.209, 268
-49.6607, 98.0739, 309
-70.808, 16.2261, 311

-93.8928, 11.4304, 239
-94.4866, 25.5, 255
-101.969, 77.4826, 251
-73.2813, 77.7609, 245
-40.1786, 80.8696, 300
-67.1563, -4.00435, 307

-108.723, -11.7652, 246
-104.562, -2.07826, 239
-109.286, 62.6087, 240
-81.5982, 67.6565, 247
-45, 68.1739, 280
-71.7321, -8.06087, 309

-123.281, -18.2957, 263
-120.196, -6.62609, 254
-122.397, 56.9174, 247
-93.6786, 56.2261, 244
-50.3348, 64.5652, 275
-79.75, -12.0522, 308

-133.179, -24.1043, 264
-132.054, -6.65217, 255
-129.375, 53.687, 252
-101.25, 54.7826, 252
-54.1339, 57.6261, 282
-86.3571, -18.9913, 312

-141.179, -30.2957, 268
-141.527, -1.13913, 262
-133.929, 45.6522, 250
-112.946, 47.3, 253
-59.7188, 53.413, 273
-90.5357, -24.4174, 312

-153.714, -35.087, 269
-154.375, 5.65217, 260
-140.022, 46.5652, 255
-117.188, 44.5652, 250
-65.3304, 49.487, 271
-98.125, -27.3043, 314

-171.161, -41.9826, 284
-165.107, 17.4783, 268
-143.415, 46.9304, 257
-120.375, 43.8261, 252
-68, 48.487, 272
-111.429, -34.7826, 320

-183.75, -48.5739, 294
-171.888, 26.4957, 277
-151.875, 57.5217, 270
-123.112, 48.4, 253
-70.4286, 50.8522, 272
-108.991, -27.2174, 313

-187.714, -44.4348, 292
-186.781, 39.2609, 301
-159.982, 67.8522, 289
-126.804, 57.1739, 263
-76.25, 52.3478, 280
-113.906, -24.6522, 315

-212.143, -30.1304, 330
-174.107, 67.8261, 312
-154.219, 100.13, 329
-126.107, 97.6956, 321
-66.2143, 75.2348, 309
-112.143, -9.55652, 314

-202.5, -22.5391, 324
-177.969, 80.1087, 335
-142.625, 104.887, 326
-112.5, 102.717, 315
-59.8929, 81.3913, 312
-105.804, 1.37391, 316

-199.75, -20.0261, 329
-172.964, 79.8696, 334
-133.687, 107.8, 322
-104.464, 103.096, 312
-52.5893, 82.2174, 310
-104.062, 2.73913, 315

-188.897, -16.8522, 323
-164.5, 84.3956, 329
-127.286, 109.878, 324
-97.5, 107.165, 312
-48.1161, 85.4522, 317
-98.125, 5.46087, 314

-190.045, -11.4783, 330
-162, 90.5739, 336
-121.165, 115.161, 327
-95.7589, 114.457, 325
-36.2143, 85.4609, 312
-86.3571, 9.49565, 312

-179.188, -10.013, 329
-154.04, 90.3044, 335
-115.714, 114.104, 324
-83.0357, 109.174, 310
-35.0357, 90.9913, 327
-83.8393, 13.6087, 313

-174.478, -8.42609, 323
-153.911, 94.0522, 338
-112.473, 113.752, 323
-82.442, 110.23, 313
-29.5312, 89.0217, 315
-84.1071, 16.3826, 314

-166.853, -1.41304, 325
-144, 100.8, 336
-102.063, 119, 322
-69.8973, 113.457, 307
-21.2277, 92.3435, 317
-75.6964, 17.7478, 314

-163.951, 1.41304, 325
-136.607, 100.522, 340
-101.397, 123.809, 339
-65.0982, 117.152, 317
-13.4821, 89.287, 302
-68.4687, 17.6913, 313

-160.5, 1.39565, 321
-129.25, 100.13, 329
-96.6429, 121.217, 328
-62.1964, 119.739, 324
-12.4554, 90.3044, 310
-68.6875, 13.6522, 314

-158.147, -4.23913, 325
-129.25, 101.561, 329
-96.3482, 120.848, 327
-60.2768, 118.774, 314
-8.4375, 94.5, 315
-64.0714, 18.9913, 312

-157.634, -1.39565, 321
-127.08, 99.3, 331
-89.6786, 122.557, 324
-58.125, 115.913, 310
-8.35714, 92.2435, 312
-60.5, 16.0696, 308

-158.571, -4.17391, 320
-124.009, 95.4957, 323
-86.5982, 117.522, 318
-56.375, 115.165, 308
-5.51786, 91.3565, 309
-59.317, 17.4652, 309

-152.857, -2.78261, 320
-126.616, 97.8, 326
-84.6429, 118.157, 316
-54.8214, 116.126, 307
-1.34821, 87.9739, 302
-63.8661, 14.8739, 311

-152.379, -4.16087, 319
-121.049, 98.4739, 319
-81.6518, 117.261, 310
-55, 117.843, 308
-2.69643, 87.9739, 302
-57.375, 15.9652, 306

-151.393, -5.46087, 314
-124.009, 98.3043, 323
-83.2321, 118.157, 316
-52.7545, 111.978, 303
0, 85.913, 304
-51.5714, 15.8609, 304

-150.469, -8.21739, 315
-118.5, 97.5478, 316
-80.7857, 115.304, 312
-51.9107, 117.078, 306
0, 87.8087, 306
-58.5491, 18.5652, 305

-149.536, -9.61739, 316
-121.808, 97.6956, 321
-79.4911, 116.126, 307
-51.5714, 113.67, 304
4.01786, 84.7826, 300
-55.6429, 11.8957, 304

-151.393, -6.82609, 314
-120.29, 100.613, 317
-80.5982, 115.748, 306
-51.0625, 115.165, 301
2.66964, 87.1, 299
-52.5804, 15.7565, 302

-150.469, -6.84783, 315
-121.049, 97.087, 319
-80.5982, 114.417, 306
-49.7187, 112.548, 301
2.66964, 85.8, 299
-56.625, 10.5043, 302

-151.821, -8.13913, 312
-119.25, 96.7826, 318
-77.1027, 114.613, 303
-49.3884, 111.8, 299
2.63393, 85.9348, 295
-56.625, 10.5043, 302

-152.308, -6.80435, 313
-119.25, 95.4, 318
-78.4554, 114.613, 303
-51.7098, 109.761, 297
2.65179, 82.6435, 297
-57.1875, 9.28261, 305

-147.17, -6.76087, 311
-116.719, 95.8696, 315
-78.4554, 114.613, 303
-49.2232, 110.13, 298
3.95089, 82.087, 295
-50.8929, 16.9565, 300

-149.513, -5.44348, 313
-117.089, 94.8, 316
-78.7143, 113.67, 304
-49.2232, 111.426, 298
3.97768, 80.0609, 297
-58.7411, 10.6435, 306

-152.795, -9.55652, 314
-118.5, 93.4261, 316
-81.125, 115.165, 308
-53.2143, 111.426, 298
0, 80.5304, 294
-59.125, 14.7304, 308

-153.281, -8.21739, 315
-121.429, 94.6087, 320
-81.125, 115.165, 308
-53.2143, 111.426, 298
0, 82.6435, 297
-60.1071, 13.3043, 306

-153.705, -9.52609, 313
-120, 96, 320
-80.3348, 115.37, 305
-53.2143, 111.426, 298
0, 83.9348, 297
-62.8393, 18.6261, 306

-157.897, -8.16522, 313
-121.808, 99.0913, 321
-80.3348, 115.37, 305
-52.058, 111.8, 299
2.64286, 83.6522, 296
-58.7411, 13.3043, 306

-153.281, -8.21739, 315
-121.125, 98.3043, 323
-82.2321, 116.126, 307
-55.4598, 113.296, 303
2.66071, 82.9217, 298
-57.375, 13.3043, 306

