-152.679, 11.8957, 342
-96.8571, 107.596, 339
-53.9464, 116.139, 318
-24.0268, 105.3, 299
13.8973, 68.9043, 283
-55.8929, 9.52609, 313

-152.679, 10.4087, 342
-93.5536, 104.339, 338
-53.9464, 116.139, 318
-25.2768, 104.948, 298
13.8482, 69.887, 282
-53.2768, 13.3043, 306

-152.679, 11.8957, 342
-96.5714, 104.339, 338
-57.1071, 122.643, 328
-25.2768, 104.948, 298
13.8482, 71.113, 282
-53.625, 12.0522, 308

-149.625, 11.8957, 342
-97.7902, 106.961, 337
-56.2366, 119.37, 323
-25.3616, 106.6, 299
13.8482, 69.887, 282
-52.25, 10.713, 308

-150.268, 11.8261, 340
-96, 106.643, 336
-53.9464, 116.139, 318
-25.192, 103.304, 297
16.4241, 70.1348, 283
-58.3125, 14.8739, 311

-150.5, 13.4609, 344
-93.2768, 108.426, 337
-54.625, 120.4, 322
-24.1071, 106.957, 300
16.4821, 71.6174, 284
-52.25, 18.7478, 308

-152.232, 10.3783, 341
-91.7723, 106.961, 337
-54.1161, 117.891, 319
-23.8661, 104.596, 297
16.4241, 70.1348, 283
-55.3571, 16.1739, 310

-151.152, 11.8957, 342
-95.1429, 105.691, 333
-53.0223, 117.235, 321
-22.692, 106.6, 299
16.3661, 68.6609, 282
-55.3571, 17.5217, 310

-151.339, 10.3174, 339
-92.7232, 106.326, 335
-53.7768, 117.152, 317
-23.8661, 105.887, 297
17.75, 71.6174, 284
-47.9688, 18.687, 307

-148.75, 10.3478, 340
-93, 108.104, 336
-53.7768, 117.152, 317
-23.9464, 103.652, 298
15.0536, 70.8609, 281
-55.7143, 13.5652, 312

-151.152, 11.8957, 342
-92.7232, 106.326, 335
-54.7946, 120.774, 323
-20.0223, 106.6, 299
17.625, 69.887, 282
-55.1786, 18.8087, 309

-150.063, 10.4391, 343
-90.9554, 106.009, 334
-54.9643, 121.148, 324
-23.7857, 105.53, 296
15.2143, 70.3826, 284
-52.25, 18.7478, 308

-150.937, 10.5, 345
-91.5, 106.643, 336
-52.5268, 117.522, 318
-22.6161, 107.539, 298
15.2143, 70.3826, 284
-60.2768, 10.9217, 314

-154.205, 10.4087, 342
-91.2277, 107.783, 335
-52.692, 120.665, 319
-21.2143, 105.887, 297
16.4241, 70.1348, 283
-57.4732, 12.287, 314

-152.232, 10.3783, 341
-91.5, 103.722, 336
-54.2857, 116.87, 320
-24.0268, 102.7, 299
13.8482, 69.887, 282
-50.7098, 16.0174, 307

-151.786, 10.3478, 340
-93, 103.722, 336
-54.2857, 118.261, 320
-22.4643, 104.243, 296
15.0536, 69.6391, 281
-55.5357, 14.8739, 311

-149.625, 10.4087, 342
-91.5, 103.722, 336
-51.4286, 119.652, 320
-19.9554, 107.539, 298
16.25, 70.6087, 280
-47.5, 13.2174, 304

-150.268, 11.8261, 340
-93.2768, 106.961, 337
-52.1964, 116.783, 316
-21.1429, 105.53, 296
16.25, 69.3913, 280
-53.9732, 12.1304, 310

-147.875, 8.81739, 338
-92.7232, 106.326, 335
-51.8661, 117.409, 314
-21.0714, 105.174, 295
17.5, 69.3913, 280
-56.7411, 17.5217, 310

-153.125, 8.94783, 343
-92.1696, 105.691, 333
-54.625, 117.6, 322
-21.2143, 104.596, 297
16.25, 69.3913, 280
-56.7411, 16.1739, 310

-152.679, 8.92174, 342
-92.7232, 101.957, 335
-53.7768, 117.152, 317
-19.8214, 104.243, 296
16.1339, 67.687, 278
-56.9241, 10.8174, 311

-149.384, 17.6348, 338
-83.0893, 64.9826, 282
-67.9286, 77.1826, 317
-58.9375, 43.6739, 287
-45.0804, 25.8261, 297
-63.5402, 5.75652, 331

-83.25, 41.987, 333
3.2001e+007, 3.2001e+007, 3.2001e+007
3.2001e+007, 3.2001e+007, 3.2001e+007
3.2001e+007, 3.2001e+007, 3.2001e+007
3.2001e+007, 3.2001e+007, 3.2001e+007
-63.8393, -5.65217, 325

-86.1295, 42.6522, 327
3.2001e+007, 3.2001e+007, 3.2001e+007
3.2001e+007, 3.2001e+007, 3.2001e+007
3.2001e+007, 3.2001e+007, 3.2001e+007
3.2001e+007, 3.2001e+007, 3.2001e+007
-59.1964, -2.95652, 340

-146.696, 5.3913, 310
-105.232, 111.148, 332
-55.4598, 117.248, 303
-36.7679, 108.661, 284
-9.03125, 85.4435, 289
-58.75, 22.887, 329

-151.424, -2.75652, 317
-95.7143, 112.152, 335
-54.3214, 119.374, 312
-19.8884, 112.343, 297
15.75, 75.4174, 294
-52.1964, 23.3565, 316

-149.5, -1.4, 322
-101.563, 117.174, 350
-54.5089, 126.261, 330
-18.5, 111.965, 296
22.692, 76.7, 299
-45.2857, 20.6739, 317

-151.406, -1.40435, 323
-99.9018, 103.104, 334
-56.0714, 120.139, 314
-21.0714, 111.587, 295
16.8304, 76.913, 290
-55.7143, 20.8696, 320

-152.848, 1.40435, 323
-99.6027, 105.691, 333
-57.8393, 116.783, 316
-20.9286, 109.557, 293
18.125, 76.913, 290
-50.9464, 13.7826, 317

-152.848, -1.40435, 323
-103.808, 104.03, 337
-60.1875, 118.63, 321
-24.5089, 111.391, 305
12.9018, 75.3913, 289
-56.6071, 11.0261, 317

-156.679, -4.27826, 328
-102.304, 99.6348, 337
-65.692, 119.426, 327
-27.0536, 109.343, 303
10.3929, 75.913, 291
-61.4286, 12.5217, 320

-157.634, -4.30435, 330
-103.808, 98.1696, 337
-65.0893, 119.739, 324
-28.4063, 110.661, 303
9.09375, 74.6478, 291
-54.4955, 10.887, 313

-158.112, -4.31739, 331
-108.085, 99.3348, 341
-65.3036, 114.757, 318
-29.9554, 110.065, 305
9.1875, 76.6957, 294
-56.25, 9.58696, 315

-157.156, -2.86087, 329
-105.625, 98.4609, 338
-64.2857, 114.087, 320
-29.7589, 108.026, 303
10.3571, 75.6522, 290
-62.2679, 15.1609, 317

-153.75, -2.85217, 328
-105.625, 101.4, 338
-64.2857, 118.261, 320
-28.4063, 109.343, 303
7.71429, 71.3739, 288
-58.875, 12.287, 314

-154.268, -1.41739, 326
-103.5, 99.3391, 336
-64.2857, 116.87, 320
-29.5625, 108.622, 301
7.6875, 72.3739, 287
-57.4732, 12.287, 314

-155.214, -1.42609, 328
-108.085, 102.3, 341
-64.0848, 117.891, 319
-29.3661, 106.6, 299
9, 71.3739, 288
-57.4732, 12.287, 314

-152.75, -1.43043, 329
-102.607, 101.4, 338
-64.0848, 115.117, 319
-26.875, 107.313, 301
10.25, 73.6217, 287
-53.0982, 9.52609, 313

-156.094, 1.44783, 333
-102.295, 101.113, 342
-62.6607, 116.504, 319
-29.4643, 105.652, 300
9, 72.6261, 288
-52.9286, 16.2783, 312

-156.929, -4.4087, 338
-102.911, 103.174, 339
-61.0446, 117.522, 318
-28.3125, 108.983, 302
11.692, 75.913, 291
-49.9821, 17.5783, 311

-156.464, 1.46522, 337
-101.652, 105, 345
-61.6205, 117.235, 321
-28.3125, 107.67, 302
11.6518, 74.3913, 290
-54.1473, 16.2261, 311

-152.545, 1.45652, 335
-100.112, 102, 345
-59.8125, 117.891, 319
-28.3125, 108.983, 302
12.9018, 72.8783, 289
-52.1964, 9.61739, 316

-155.536, -2.91304, 335
-101.996, 100.817, 341
-63.25, 119, 322
-26.7857, 105.652, 300
11.5714, 72.6261, 288
-51.5357, 14.9217, 312

-156.464, 1.46522, 337
-101.397, 98.7522, 339
-62.0045, 117.965, 323
-26.6964, 107.9, 299
11.6116, 74.1348, 289
-53.0982, 14.9696, 313

-154.366, 2.94783, 339
-101.996, 100.817, 341
-62.1964, 116.922, 324
-29.4643, 108.261, 300
10.2857, 75.1304, 288
-55.5402, 12.4826, 319

-150.598, -2.90435, 334
-101.996, 100.817, 341
-60, 119.652, 320
-28.2187, 106.004, 301
12.9018, 72.8783, 289
-54.8437, 16.4348, 315

-149.384, 2.93913, 338
-101.696, 103.478, 340
-60.75, 121.148, 324
-26.7857, 106.957, 300
11.692, 74.6478, 291
-53.4375, 10.9565, 315

-153.455, 1.46522, 337
-100.768, 101.113, 342
-59.1205, 119.37, 323
-26.875, 106.004, 301
11.692, 74.6478, 291
-50.7857, 16.487, 316

-149.554, -1.45652, 335
-101.996, 102.3, 341
-57.6786, 116.561, 323
-26.7857, 106.957, 300
11.6518, 73.1304, 290
-58.7545, 13.9565, 321

-150.71, 2.96522, 341
-101.062, 102.9, 343
-62.1964, 118.33, 324
-27.0536, 109.343, 303
12.9911, 74.6478, 291
-49.2188, 23.2826, 315

-151.786, 5.91304, 340
-99.5312, 105.883, 343
-60.5625, 116.561, 323
-25.5312, 108.622, 301
14.3393, 74.9043, 292
-49.0625, 19.113, 314

-149.625, 7.43478, 342
-98.2857, 103.2, 344
-58.0357, 120.109, 325
-26.7857, 106.957, 300
10.4286, 77.4435, 292
-52.1964, 19.2348, 316

-149.625, 8.92174, 342
-97.4286, 107.13, 352
-59.6696, 116.226, 326
-24.5089, 107.413, 305
10.4286, 76.1739, 292
-53.0223, 15.3522, 321

-149.625, 8.92174, 342
-92.4107, 103.5, 345
-56.5848, 115.87, 325
-25.7009, 108.026, 303
10.4286, 81.2522, 292
-56.0625, 19.6, 322

-149.83, 10.5304, 346
-93.9509, 106.5, 345
-56.3214, 121.252, 332
-25.7857, 107.061, 304
5.25, 79.2522, 294
-51.5893, 13.9565, 321

-149.83, 10.5304, 346
-94.7679, 110.452, 348
-55.8125, 121.587, 329
-24.8304, 108.822, 309
-8.65625, 75.8739, 277
-51.4286, 18.087, 320

-144.482, 12.1043, 348
-94.7679, 104.4, 348
-57.8036, 121.252, 332
-27.7679, 110.878, 311
-24.8437, 51.8478, 265
-54.9643, 16.9043, 324

-145.616, 12.0696, 347
-91.9241, 107.735, 349
-58.3259, 123.804, 335
-29.1562, 112.23, 311
-30.4286, 43.2174, 284
-53.5179, 19.7217, 324

-143.652, 12.0348, 346
-94.0179, 111.404, 351
-54.5089, 120.522, 330
-33.8571, 112.661, 316
-34.3527, 37.1739, 285
-53.683, 16.9565, 325

-143.237, 13.5, 345
-94.0179, 111.404, 351
-53.3571, 116.922, 332
-34.933, 110.23, 313
-33.5446, 32.6696, 289
-53.683, 18.3696, 325

-142.821, 13.4609, 344
-91.9241, 106.217, 349
-52.3438, 119.435, 335
-34.1518, 106.435, 306
-33.3125, 26.2043, 287
-55.3036, 17.0087, 326

-141.286, 11.9652, 344
-90.625, 103.478, 350
-52.1875, 117.626, 334
-35.6339, 104.113, 307
-33.9911, 20.8435, 282
-54.1786, 11.4087, 328

-142.821, 13.4609, 344
-88.808, 104.7, 349
-50.5446, 118.722, 333
-36.4018, 102.417, 302
-34.5937, 19.9652, 287
-52.7143, 9.98261, 328

-142.821, 13.4609, 344
-91.1429, 108.661, 352
-52.6563, 121.613, 337
-34.5893, 103.652, 298
-32.9643, 18.5217, 284
-55.8125, 10.013, 329

-144.777, 15, 345
-91.6607, 107.739, 354
-48.4286, 125.283, 339
-33.1473, 99.4304, 297
-36.5089, 15.9391, 282
-52.5536, 9.95217, 327

-142.518, 13.5783, 347
-89.0625, 108.043, 350
-51.1518, 123.078, 337
-34.7054, 97.5, 299
-34.2321, 16.0522, 284
-54.1786, 9.98261, 328

-142.406, 11.9304, 343
-89.317, 105.3, 351
-50.5446, 123.065, 333
-34.0089, 98.0913, 293
-33.8705, 17.1043, 281
-54.1786, 5.70435, 328

-142.406, 13.4217, 343
-90.1071, 104.4, 348
-50.5446, 123.065, 333
-33.8929, 93.9478, 292
-34.2321, 16.0522, 284
-57.2813, 5.72174, 329

-140.875, 16.4043, 343
-91.4018, 108.97, 353
-47.8571, 125.261, 335
-33.7768, 96.1565, 291
-32.8482, 14.7652, 283
-54.0134, 7.1087, 327

-143.237, 15, 345
-87, 111.965, 348
-51.1518, 123.078, 337
-36.25, 94.5652, 290
-35.25, 15.9391, 282
-54.1786, 8.55652, 328

-148.286, 16.5478, 346
-89.5714, 107.13, 352
-49.6473, 124.543, 337
-32.1429, 96.4174, 288
-31.3616, 20.7696, 281
-49.7857, 12.8348, 328

-147.429, 13.4609, 344
-92.1875, 105, 350
-49.2054, 120.53, 334
-28.5, 109.704, 304
-25.9821, 44.2826, 291
-48.0268, 12.7565, 326

-142.406, 13.4217, 343
-94.2857, 107.13, 352
-51.3036, 121.974, 338
-28.5, 109.704, 304
-9.53571, 69.6522, 267
-48.1741, 15.6391, 327

-140.464, 13.3826, 342
-92.1875, 106.522, 350
-56.9866, 121.5, 345
-25.3125, 113.674, 315
5.14286, 77.6348, 288
-49.4821, 18.4261, 326

-145.196, 13.5391, 346
-89.8259, 107.435, 353
-53.2812, 123.057, 341
-23.6027, 110.878, 311
11.8125, 79.2522, 294
-49.6339, 18.4826, 327

-144.777, 12, 345
-90.3348, 104.957, 355
-51.3036, 121.974, 338
-22.5, 109.565, 315
14.4866, 78.2391, 295
-48.1741, 15.6391, 327

-143.237, 12, 345
-90.0804, 103.122, 354
-49.6473, 115.752, 337
-18.6875, 114.8, 322
15.8571, 77.2174, 296
-46.4286, 19.7826, 325

-142.821, 13.4609, 344
-89, 105.252, 356
-51.7589, 117.126, 341
-18.6875, 113.4, 322
15.8571, 75.9304, 296
-47.4375, 21, 322

-149.143, 15.1304, 348
-90.8438, 105.548, 357
-51.9107, 120.443, 342
-17.4107, 114.457, 325
17.817, 77.4174, 307
-43.5268, 24.0217, 325

-142.821, 13.4609, 344
-87.9018, 107.4, 358
-52.0625, 117.813, 343
-18.6875, 110.6, 322
17.7589, 77.1652, 306
-46.5714, 15.5913, 326

-146.036, 13.6174, 348
-90.8438, 105.548, 357
-50.0893, 119.739, 340
-15.9107, 114.104, 324
14.8795, 75.0913, 303
-40.625, 19.7826, 325

-138.214, 14.9565, 344
-85.8214, 105.252, 356
-50.8259, 118.5, 345
-15.8616, 110.943, 323
17.5268, 74.8435, 302
-43.5268, 16.9565, 325

-139.75, 11.9652, 344
-89.75, 104.578, 359
-52.2143, 122.643, 344
-14.5982, 113.739, 327
16.2857, 76.6609, 304
-46.2857, 22.5391, 324

-141.696, 12, 345
-91.8616, 105.161, 361
-51.1205, 119.187, 347
-15.9598, 111.63, 325
17.7009, 76.913, 305
-46.8571, 19.9652, 328

-142.518, 13.5783, 347
-93.2143, 104.87, 360
-54.5313, 121.391, 349
-18.5714, 111.304, 320
17.7009, 76.913, 305
-42.0759, 14.1304, 325

-140.156, 13.5, 345
-90, 108, 360
-50.8259, 121.5, 345
-21.7634, 114.457, 325
16.5, 74.9913, 308
-42.3348, 17.0609, 327

-135.143, 11.9652, 344
-89.75, 109.261, 359
-50.9732, 124.861, 346
-25.192, 107.178, 297
17.7589, 77.1652, 306
-43.6607, 17.0087, 326

-142.821, 13.4609, 344
-89.75, 109.261, 359
-52.2143, 119.652, 344
-31.808, 99.1304, 285
17.817, 76.0826, 307
-46.7143, 17.0609, 327

-146.036, 12.1043, 348
-91.3527, 107.7, 359
-52.2143, 125.635, 344
-41.1339, 80.1217, 271
16.3929, 77.1652, 306
-48.7634, 8.63478, 331

-137.812, 10.4391, 343
-89.25, 108.652, 357
-54.0625, 123.357, 346
-47.0089, 66.913, 270
16.3929, 77.1652, 306
-48.7634, 14.3913, 331

-136.281, 14.913, 343
-90.0804, 106.2, 354
-53.8393, 119.435, 335
-46.9911, 61.4217, 277
16.3393, 78.2391, 305
-44.1964, 12.913, 330

-134.75, 13.4217, 343
-89, 108.348, 356
-54.375, 127.096, 348
-47.1607, 49.5565, 278
13.6607, 78.4957, 306
-50.5446, 13.0304, 333

-133.219, 11.9304, 343
-90.0804, 109.278, 354
-53.2812, 127.504, 341
-48.0089, 41.8348, 283
13.7946, 81.9522, 309
-47.1429, 11.4783, 330

-138.616, 13.5, 345
-89, 109.896, 356
-52.5536, 123.691, 327
-48.6875, 38.6826, 287
11, 80.3478, 308
-47.7143, 13.0696, 334

-135.884, 13.3826, 342
-85.692, 106.217, 349
-52.875, 125.878, 329
-49.3661, 34.1609, 291
11.1071, 82.4826, 311
-43.1116, 13.0304, 333

-133.219, 16.4043, 343
-86.6741, 112.039, 353
-52.2321, 124.348, 325
-48.0536, 32.5, 299
8.35714, 81.3913, 312
-49.5, 5.84348, 336

-134.75, 14.913, 343
-89, 116.087, 356
-50.4643, 121.504, 314
-47.0893, 26.7522, 293
8.25, 81.687, 308
-48, 10.2261, 336

-139.344, 13.4217, 343
-87.1652, 115.761, 355
-49.2188, 123.261, 315
-48.0536, 24.7, 299
9.78125, 84.3739, 313
-49.7946, 13.2261, 338

-140.562, 15.0435, 346
-87, 114.991, 348
-49.6607, 119.57, 309
-47.8929, 22.0261, 298
8.25, 81.687, 308
-45.1339, 10.2565, 337

-132.442, 13.3435, 341
-87, 110.452, 348
-49.3393, 114.791, 307
-47.8929, 23.3217, 298
8.33036, 83.8348, 311
-43.8884, 11.7913, 339

-136.281, 16.4043, 343
-85.2009, 110.135, 347
-51.0402, 118.226, 309
-47.7321, 21.9522, 297
8.33036, 83.8348, 311
-49.7946, 8.81739, 338

-140.969, 15.087, 347
-89.0625, 114.13, 350
-52.0804, 116.126, 307
-47.7321, 21.9522, 297
6.94196, 82.4826, 311
-43.5, 13.1478, 336

-140.562, 15.0435, 346
-86.25, 106.5, 345
-52.25, 113.826, 308
-47.7321, 21.9522, 297
6.91964, 80.8696, 310
-40.1384, 14.4783, 333

-135.536, 16.5, 345
-86.5, 105.304, 346
-52.0804, 113.457, 307
-49.058, 23.2435, 297
8.30357, 80.8696, 310
-48.4286, 11.7913, 339

-135.929, 15.0435, 346
-84.7098, 109.5, 345
-50.3795, 112.717, 305
-47.5714, 23.1652, 296
8.27679, 79.2652, 309
-48.2857, 10.287, 338

-137.871, 15.087, 347
-83.8929, 110.452, 348
-48.6964, 114.613, 303
-49.7187, 26.1739, 301
9.71875, 81.1304, 311
-43.5, 13.1478, 336

-131.687, 14.913, 343
-84.7098, 109.5, 345
-48.5937, 114.935, 311
-48.0536, 28.6, 299
11.2143, 84.6435, 314
-45.1339, 13.187, 337

-137.473, 13.5391, 346
-83.0491, 111.404, 351
-48.75, 116.661, 312
-48.8571, 38.3304, 304
11.1071, 82.4826, 311
-45, 16.0696, 336

-139.018, 15.0435, 346
-83.8929, 105.913, 348
-46.2589, 116.043, 314
-45.9643, 66.4696, 312
13.8839, 82.4826, 311
-48.4286, 16.213, 339

-133.996, 16.5, 345
-85.4464, 111.965, 348
-45.4286, 117.522, 318
-30.4286, 95.0783, 284
12.4554, 79.5217, 310
-45.1339, 16.1174, 337

-133.607, 14.9565, 344
-83.8929, 107.426, 348
-43.3705, 120.891, 335
-26.5312, 94.7435, 283
12.5759, 78.9304, 313
-49.7946, 16.1652, 338

-132.455, 16.5, 345
-84.375, 108.043, 350
-44.4643, 116.922, 332
-22.9018, 99.1304, 285
9.78125, 78.9304, 313
-52.9687, 19.1609, 339

-135.536, 15, 345
-84.6161, 105.3, 351
-44.2768, 117.47, 342
-19.0625, 104.761, 305
8.4375, 79.4348, 315
-41.75, 17.4261, 334

-135.143, 16.4522, 344
-88.75, 106.5, 355
-52.5937, 119.517, 357
-16.6071, 106.478, 310
8.51786, 78.8087, 318
-41.375, 20.1478, 331

-135.536, 16.5, 345
-88.1473, 104.578, 359
-44.5, 120.73, 356
-16.875, 106.826, 315
11.3571, 74.6609, 318
-43.2411, 20.3304, 334

-133.607, 16.4522, 344
-88.1473, 103.017, 359
-45.5714, 119.374, 352
-15.6652, 110.957, 319
11.3929, 77.6696, 319
-43.2411, 14.5217, 334

-133.607, 16.4522, 344
-89.8661, 106.617, 366
-45.7009, 119.713, 353
-16.2054, 113.348, 330
12.817, 77.6696, 319
-47.7143, 17.4261, 334

-133.223, 15.087, 347
-86.7857, 101.739, 360
-50.7143, 120.391, 355
-17.3036, 109.539, 323
11.3214, 75.8044, 317
-44.7321, 10.1652, 334

-133.223, 15.087, 347
-88.6384, 102.022, 361
-45.8304, 120.052, 354
-15.9598, 108.804, 325
14.375, 79.8, 322
-44.5982, 14.4783, 333

-133.223, 15.087, 347
-86.7857, 103.304, 360
-46.2187, 119.517, 357
-16.0089, 110.557, 326
14.2411, 77.6696, 319
-44.7321, 11.6174, 334

-133.219, 13.4217, 343
-86.125, 102.87, 364
-44, 122.435, 352
-15.9107, 112.696, 324
15.8616, 80.0478, 323
-43.1116, 8.68696, 333

-130.915, 16.5, 345
-85.4286, 108.8, 368
-46.0893, 122.278, 356
-11.75, 111.574, 329
14.2411, 77.6696, 319
-42.7232, 5.73913, 330

-133.607, 15.1304, 348
-84.9643, 106.617, 366
-48.4821, 125.913, 362
-11.6429, 111.974, 326
20.1875, 80.0478, 323
-39.5357, 15.687, 328

-130.915, 16.5, 345
-83.7857, 108.8, 368
-47.8125, 127.278, 357
-14.6429, 111.235, 328
18.8036, 80.2957, 324
-42.5937, 20.0261, 329

-130.915, 16.5, 345
-84.2679, 104.165, 363
-50.7813, 117.283, 325
-15.8616, 110.943, 323
18.7455, 80.0478, 323
-44.7321, 11.6174, 334

-130.915, 16.5, 345
-85.1786, 109.565, 360
-54.6696, 118.774, 314
-14.3304, 111.652, 321
16.9821, 77.1826, 317
-39.5357, 17.113, 328

-130.536, 14.9565, 344
-82.192, 108.3, 361
-60.4687, 116.413, 315
-17.1429, 112.696, 320
16.9821, 78.5609, 317
-41, 19.9652, 328

-131.674, 16.5957, 347
-81.5089, 108.957, 358
-61.6875, 104.817, 294
-18.3973, 110.261, 317
16.9821, 77.1826, 317
-41.5, 12.9913, 332

-135.161, 16.6435, 348
-79.9152, 94.6174, 351
-66.5179, 97.1739, 298
-19.3125, 111.509, 309
16.9821, 77.1826, 317
-39.7768, 15.7826, 330

-132.433, 18.2087, 349
-77.183, 107.596, 339
-63.067, 75.8739, 277
-22, 109.809, 308
17.0357, 77.4261, 318
-43.2411, 15.9739, 334

-129.317, 15.1739, 349
-78.5491, 111, 345
-66.1607, 60.7174, 285
-21.2143, 108.47, 297
18.6295, 79.5522, 321
-51.1518, 16.1174, 337

-130.875, 19.7261, 349
-78.7768, 111.322, 346
-66.5179, 51.8261, 298
-26.3393, 105.174, 295
17.3036, 81.4522, 323
-45.2679, 11.7565, 338

-133.991, 16.6913, 349
-80.3214, 111.322, 346
-64.3125, 44.7391, 294
-29.7589, 106.709, 303
17.3036, 77.2391, 323
-43.1116, 8.68696, 333

-130.5, 16.6435, 348
-78.5491, 111, 345
-67.1652, 41.0435, 295
-32.3661, 103.391, 290
17.3571, 81.7043, 324
-48, 10.2261, 336

-130.875, 21.2435, 349
-80.7857, 114.991, 348
-67.4107, 32.8261, 302
-34.0089, 104.461, 293
15.9107, 78.887, 324
-51.6071, 14.7826, 340

-134.33, 23.087, 354
-79.9152, 115.983, 351
-66.0625, 32.8261, 302
-34.9554, 102.13, 290
15.9598, 79.1304, 325
-45.1339, 13.187, 337

-131.25, 21.3043, 350
-77.0089, 114, 345
-65.8437, 28.7913, 301
-38.192, 102.609, 295
16.1071, 82.713, 328
-48.4286, 14.7391, 339

-130.875, 21.2435, 349
-79.0045, 114.661, 347
-66.5, 26.4348, 304
-42, 103.539, 294
14.5982, 82.4609, 327
-53.2812, 8.89565, 341

-129.223, 19.9522, 353
-76.1161, 112.678, 341
-66.0625, 30.2, 302
-43.7143, 100.174, 288
13.1384, 82.4609, 327
-40.2589, 11.6174, 334

-129.223, 19.9522, 353
-77.8661, 111.522, 342
-67.8571, 26.4348, 304
-42.8705, 98.687, 291
15.9598, 81.9565, 325
-42.125, 14.6522, 337

-133.951, 21.487, 353
-77.183, 109.07, 339
-65.3571, 23.8696, 305
-42.1339, 99.4783, 286
15.9107, 81.7043, 324
-48.5714, 8.86957, 340

-131.17, 20.0087, 354
-75.6696, 110.543, 339
-65.7857, 25.3609, 307
-43.1071, 98.7826, 284
15.9107, 84.5217, 324
-49.942, 10.3174, 339

-135.089, 21.6696, 356
-75.4464, 111.687, 338
-65.3571, 22.5435, 305
-40.5714, 98.7826, 284
14.375, 79.8, 322
-38.7679, 11.6174, 334

-130.799, 19.9522, 353
-75.4464, 110.217, 338
-66.4286, 26.9565, 310
-37.0268, 100.722, 286
18.7455, 80.0478, 323
-42, 10.2261, 336

-130.058, 16.787, 351
-74.375, 110.87, 340
-63.25, 29.4609, 308
-35.1964, 102.835, 292
18.7455, 80.0478, 323
-44.1473, 11.8609, 341

-129.589, 20.0087, 354
-77.4107, 107.913, 340
-62.4286, 34.3652, 304
-32.2545, 101.778, 289
20.5, 78.4348, 328
-42, 5.84348, 336

-127.286, 18.3652, 352
-79.3929, 110.035, 342
-66.2813, 38.2043, 303
-30.8571, 101.426, 288
19.0357, 78.4348, 328
-40.3795, 10.1957, 335

-129.223, 18.4174, 353
-80.683, 108.23, 341
-66.7098, 68.7913, 293
-26.5312, 103.357, 283
17.1964, 78.1565, 321
-38.7679, 11.6174, 334

-132.75, 21.5478, 354
-86.9196, 107.739, 354
-60, 92.5217, 280
-21.933, 101.778, 289
18.9196, 77.9565, 326
-42.125, 11.7217, 337

-132.813, 15.2174, 350
-86.4286, 107.13, 352
-59.125, 111.239, 301
-19.8884, 104.596, 297
20.1875, 77.2391, 323
-40.0179, 21.6522, 332

-132.813, 16.7391, 350
-87.25, 106.217, 349
-51.8661, 118.774, 314
-14.7321, 106.957, 300
18.8036, 77.4783, 324
-38.1875, 18.5957, 329

-133.991, 15.1739, 349
-88.2991, 104.1, 347
-49.375, 119.53, 316
-16.0714, 104.348, 300
17.1429, 76.5217, 320
-39.7768, 15.7826, 330

-131.295, 15.0435, 346
-86.75, 105.609, 347
-46.9955, 117.891, 319
-15.0759, 105.448, 307
14.2857, 73.7391, 320
-47.5714, 15.9261, 333

-131.295, 15.0435, 346
-87.5, 103.478, 350
-45.4286, 111.991, 318
-17.5848, 101.439, 303
15.7143, 72.3478, 320
-44.4643, 12.9913, 332

-130.915, 16.5, 345
-87.75, 103.774, 351
-43.9286, 115.513, 328
-16.5, 105.791, 308
18.6295, 73.9696, 321
-36.2723, 21.1957, 325

-130.915, 16.5, 345
-88.25, 102.83, 353
-42.5937, 115.865, 329
-15.2723, 106.822, 311
17.0893, 77.6696, 319
-40.625, 15.5435, 325

-130.915, 16.5, 345
-86.6741, 104.365, 353
-42.4643, 115.513, 328
-12.4554, 109.174, 310
18.6295, 73.9696, 321
-42.3348, 12.7957, 327

-129, 14.9565, 344
-84.2321, 103.704, 356
-42.3348, 116.583, 327
-12.4152, 104.791, 309
18.5714, 76.5217, 320
-39.0536, 23.9478, 324

-128.205, 18.0522, 346
-85.5804, 108.043, 355
-42.8527, 119.448, 331
-15.3214, 108.522, 312
18.5134, 74.8957, 319
-37.4911, 19.6609, 323

-128.205, 18.0522, 346
-83.5223, 102.83, 353
-41.5, 118.365, 332
-11.0357, 107.478, 309
18.4554, 77.4261, 318
-42.3348, 15.6391, 327

-131.295, 18.0522, 346
-85.5804, 106.5, 355
-41.5, 121.252, 332
-12.3348, 104.113, 307
19.875, 77.4261, 318
-33.1652, 22.4696, 323

-131.674, 15.087, 347
-84.8571, 105.6, 352
-38.7679, 119.078, 334
-13.8393, 109.174, 310
21.2277, 74.4261, 317
-34.5, 21, 322

-130.125, 16.5957, 347
-85.692, 115.322, 349
-38.7679, 117.626, 334
-11.0357, 104.791, 309
19.875, 74.6609, 318
-40.5, 18.313, 324

-128.946, 16.6435, 348
-86.5, 114.33, 346
-34.9107, 121.217, 340
-11.0357, 104.791, 309
18.4554, 73.2783, 318
-42.3348, 9.95217, 327

-128.576, 13.5783, 347
-86.5982, 105.078, 318
-37.3884, 120.891, 335
-11.0714, 109.174, 310
21.1607, 75.5652, 316
-35.9375, 9.8, 322

-125.478, 15.087, 347
-90.3303, 85.3478, 302
-39.7768, 119.087, 330
-8.33036, 106.822, 311
21.1607, 75.5652, 316
-31.4286, 13.913, 320

-125.839, 16.6435, 348
-89.25, 76.6957, 294
-35.5714, 122.696, 332
-6.875, 109.809, 308
22.7143, 76.0435, 318
-34.3929, 13.9565, 321

-128.125, 19.7826, 350
-90.0312, 71.9783, 301
-35.4643, 123.765, 331
-6.89732, 107.478, 309
24.2857, 76.5217, 320
-36.3839, 8.50435, 326

-123.085, 18.2087, 349
-86.7634, 58.5, 299
-39.0536, 122.557, 324
-8.25, 107.13, 308
21.2946, 73.2783, 318
-41.125, 12.8739, 329

-125.478, 19.613, 347
-80.6071, 48.9043, 296
-38.4509, 120.665, 319
-9.71875, 105.47, 311
22.7143, 76.0435, 318
-33.3705, 14.1304, 325

-118.192, 19.9522, 353
-76.6429, 41.1826, 296
-41.558, 121.422, 321
-8.35714, 105.809, 312
24.2098, 73.5087, 319
-38.0714, 12.8348, 328

-118.527, 20.0087, 354
-77.9375, 36.6435, 301
-41.6518, 116.287, 311
-10.9643, 105.448, 307
22.7143, 77.4261, 318
-35.0357, 12.7957, 327

-118.527, 21.5478, 354
-74, 29.6, 296
-44.7143, 117.035, 313
-12.4152, 108.822, 309
21.2946, 76.0435, 318
-41.875, 13.1087, 335

-117.607, 21.6696, 356
-72.8036, 28.887, 302
-45.2277, 117.461, 307
-13.9286, 108.522, 312
22.7143, 81.5739, 318
-35.25, 15.7348, 329

-121.344, 19.9522, 353
-75.5, 26.2609, 302
-44.6384, 114.613, 303
-13.8839, 108.174, 311
24.2098, 77.6696, 319
-35.25, 17.1652, 329

-119.531, 20.1783, 357
-75.75, 26.3478, 303
-44.4911, 112.922, 302
-15.125, 107.13, 308
23, 78.4, 322
-33.9866, 20.1478, 331

-121.125, 21.7304, 357
-76.25, 25.1957, 305
-45.0804, 112.343, 297
-15.2232, 109.174, 310
21.4286, 76.5217, 320
-34.2946, 10.1652, 334

-122.821, 20.4609, 362
-74.1518, 21.0087, 302
-45.5357, 110.87, 300
-11.0357, 110.165, 309
20.0625, 78.1565, 321
-37.5, 16.0696, 336

-122.482, 20.4043, 361
-76, 26.4348, 304
-45.3839, 110.5, 299
-16.5536, 107.478, 309
21.4286, 76.5217, 320
-37.2768, 10.1652, 334

-121.464, 18.6783, 358
-74.8884, 23.8696, 305
-46.25, 108.104, 296
-13.75, 107.13, 308
23, 78.4, 322
-34.2946, 17.4261, 334

-122.482, 17.2652, 361
-75.1339, 27.9391, 306
-46.875, 112.174, 300
-15.125, 108.47, 308
20.125, 78.4, 322
-31.0313, 17.2696, 331

-118.268, 20.2348, 358
-77, 30.8, 308
-47.8929, 108.835, 298
-13.8393, 110.522, 310
20.1875, 77.2391, 323
-35.7857, 14.5217, 334

-122.143, 18.7826, 360
-82.1786, 40.6957, 312
-43.6071, 113.252, 296
-16.4464, 106.783, 307
20.125, 78.4, 322
-39, 16.0696, 336

-127.317, 18.8348, 361
-79.2321, 54.5478, 306
-42.7143, 110.5, 299
-15.0759, 105.448, 307
23, 75.6, 322
-35.8929, 16.0217, 335

-125.009, 15.6087, 359
-83.3036, 71.6652, 311
-39.2277, 115.93, 303
-13.7054, 108.117, 307
21.5625, 78.4, 322
-40.2589, 17.4261, 334

-124.313, 17.0739, 357
-84.1428, 87.2348, 304
-40.3125, 112.548, 301
-13.6161, 106.087, 305
18.6875, 78.4, 322
-38.6518, 10.1348, 333

-127.857, 17.1217, 358
-82.8571, 101.565, 320
-39.0982, 115.548, 302
-14.9286, 105.739, 304
18.5714, 77.913, 320
-37.1652, 13.0304, 333

-126.259, 14.0087, 358
-76.9018, 105.409, 319
-39.0982, 114.235, 302
-13.5268, 104.074, 303
19.8125, 75.8044, 317
-39.6563, 14.3043, 329

-126.071, 15.3478, 353
-76.1429, 105.53, 328
-38.125, 116.696, 305
-16.125, 104.696, 301
17.1964, 76.7609, 321
-36.8304, 11.4783, 330

-128.371, 13.8913, 355
-78, 102.261, 336
-36.7634, 116.696, 305
-14.8304, 107.67, 302
16.875, 73.9565, 315
-41, 17.113, 328

-129.223, 13.813, 353
-77.6384, 105.265, 341
-35.0446, 113.313, 314
-12.0134, 104, 299
18.2232, 70.9913, 314
-42.8527, 14.3913, 331

-129.589, 12.313, 354
-78.0937, 102.9, 343
-35.7143, 115.478, 320
-13.4375, 103.387, 301
18.2812, 73.9565, 315
-34.9286, 19.8435, 326

-133.951, 10.7435, 353
-76.5625, 104.391, 343
-34.8214, 118.696, 325
-14.8304, 105.043, 302
19.6875, 75.3261, 315
-37.7232, 21.1957, 325

-131.54, 9.26087, 355
-79.4598, 104.7, 349
-38.8125, 117.6, 322
-13.4821, 105.043, 302
18.3393, 76.9391, 316
-31.8214, 21.1304, 324

-126.071, 12.2783, 353
-80.1429, 107.13, 352
-39.0536, 118.33, 324
-14.9286, 104.417, 304
19.75, 76.9391, 316
-36.4955, 19.9043, 327

-131.625, 13.7348, 351
-80.7857, 107.426, 348
-37.375, 117.6, 322
-14.8795, 106.709, 303
21.0268, 77.8174, 314
-37.8393, 14.1739, 326

-133.951, 13.813, 353
-77, 108.661, 352
-34.1786, 117.891, 319
-14.8304, 107.67, 302
18.3393, 76.9391, 316
-36.3839, 14.1739, 326

-131.17, 13.8522, 354
-76.5625, 106.522, 350
-35.8259, 117.235, 321
-13.5268, 106.709, 303
21.0268, 77.8174, 314
-36.4955, 22.7478, 327

-136.295, 13.8913, 355
-78.7768, 106.809, 346
-35.7143, 121.043, 320
-13.6161, 108.739, 305
19.5625, 76.2087, 313
-37.7232, 19.7826, 325

-143.036, 17.0261, 356
-82.8125, 106.522, 350
-35.8259, 121.422, 321
-12.2545, 110.065, 305
20.9598, 76.2087, 313
-39.4152, 18.4826, 327

-135.161, 16.6435, 348
-79.2321, 110.452, 348
-40.75, 121.896, 326
-13.5714, 108.383, 304
20.9598, 76.2087, 313
-37.9554, 19.9043, 327

-129.723, 21.7826, 334
-82.8125, 106.522, 350
-41.2991, 117.891, 319
-16.0714, 105.652, 300
19.4375, 78.4261, 311
-41.25, 21.5217, 330

-118.5, 23.3565, 316
-80.3214, 106.809, 346
-38.933, 122.178, 323
-14.9777, 107.413, 305
20.7589, 78.1739, 310
-36.6071, 27.0957, 328

-115.313, 27.3913, 315
-84.1339, 107.735, 349
-40, 122.435, 320
-12.2545, 110.065, 305
18.2232, 79.1826, 314
-47.7143, 24.687, 334

-108.295, 25.6913, 311
-83.8929, 107.426, 348
-41.4286, 119.652, 320
-16.3393, 108.739, 305
19.5, 77.3217, 312
-35.0357, 22.7478, 327

-101.451, 23.713, 303
-85.692, 110.77, 349
-45.8571, 121.422, 321
-17.5848, 109.343, 303
19.4375, 81.1304, 311
-36.4955, 18.4826, 327

-95.7232, 28.887, 302
-84.1339, 110.77, 349
-45.8571, 122.817, 321
-17.4687, 107.313, 301
16.6071, 78.1739, 310
-39.5357, 22.8174, 328

-85.8929, 25.7391, 296
-80.7857, 107.426, 348
-45.8571, 120.026, 321
-16.125, 107.313, 301
16.5536, 77.9217, 309
-39.6563, 12.8739, 329

-79.8214, 27.2087, 298
-78.3214, 106.191, 344
-47.7321, 122.557, 324
-19, 108.383, 304
16.5536, 79.2652, 309
-42.8527, 27.3435, 331

-73.4152, 28.6, 299
-79.2411, 115.761, 355
-45.2857, 122.665, 317
-17.4107, 106.957, 300
16.4464, 81.4217, 307
-34.8214, 25.4348, 325

-68.7143, 29.6, 296
-75.0313, 113.339, 343
-45.2857, 121.287, 317
-18.6875, 107.9, 299
13.7946, 79.2652, 309
-34.7143, 18.313, 324

-65.1161, 24.8696, 286
-77.9018, 113.804, 349
-45.1429, 120.904, 316
-17.3527, 107.9, 299
17.817, 80.087, 307
-34.9286, 21.2609, 326

-66.3929, 26.113, 286
-77.4554, 113.152, 347
-42.0536, 121.504, 314
-17.2946, 107.539, 298
17.7589, 78.4957, 306
-34.9286, 29.7652, 326

-64.8884, 26.0217, 285
-76.7857, 113.67, 344
-41.4286, 121.043, 320
-14.6339, 107.539, 298
16.3929, 77.1652, 306
-36.4955, 21.3261, 327

-64.0625, 26.2043, 287
-76.5625, 113.339, 343
-40.6518, 120.139, 314
-17.2366, 107.178, 297
19.1875, 77.4174, 307
-31.7232, 18.2565, 323

-63.6161, 28.5, 285
-73.7143, 112.174, 344
-39.875, 120.665, 319
-16.0179, 106.6, 299
20.3571, 79.3043, 304
-31.7232, 30.8957, 323

-69.9107, 29, 290
-72.808, 110.135, 347
-39.875, 120.665, 319
-13.3482, 109.2, 299
20.3571, 77.9826, 304
-34.8214, 24.0217, 325

-77.7768, 26.8783, 281
-72.808, 110.135, 347
-38.933, 122.178, 323
-13.3036, 110.13, 298
17.817, 77.4174, 307
-36.6071, 28.5217, 328

-100.286, 22.5391, 288
-72.808, 107.117, 347
-37.375, 121.8, 322
-13.3482, 107.9, 299
21.7143, 76.6609, 304
-34.7143, 29.5826, 324

-117.295, 18.3826, 302
-74.1429, 103.8, 346
-41.1696, 117.522, 318
-13.3036, 104.948, 298
20.3571, 77.9826, 304
-30.2813, 36.513, 323

-121.469, 15.6, 299
-73.6473, 112.93, 351
-35.7143, 123.826, 320
-14.4866, 107.739, 295
22, 76.3304, 308
-30.2813, 37.9174, 323

-130.509, 16.2261, 311
-75.4286, 111.722, 352
-38.5714, 119.652, 320
3.2001e+007, 3.2001e+007, 3.2001e+007
16.3929, 77.1652, 306
-36.1607, 21.1304, 324

-126.344, 17.5783, 311
-76.5625, 106.522, 350
-38.5714, 118.261, 320
-14.8304, 107.67, 302
20.4241, 76.913, 305
-47.2857, 21.587, 331

-127.768, 16.5913, 318
-78.7946, 107.435, 353
-39.75, 118.904, 318
-12.0134, 105.3, 299
19.3125, 76.5783, 309
-40.875, 21.3261, 327

-129.924, 19.9043, 327
-81.2812, 114.861, 357
-43.2589, 119.37, 323
-13.3929, 104.348, 300
17.7589, 74.5043, 306
-44.3304, 17.2696, 331

-130.429, 17.3217, 332
-83.3393, 110.822, 359
-40.375, 119.37, 323
-16.2321, 105.391, 303
19.3125, 76.5783, 309
-39.6563, 24.3174, 329

-129.384, 14.6522, 337
-83.7589, 109.278, 354
-43.7946, 122.27, 327
-14.9777, 107.413, 305
17.817, 77.4174, 307
-47.5714, 27.5087, 333

-125.839, 13.6174, 348
-84.4688, 108.652, 357
-42.0759, 121.522, 325
-17.5268, 106.357, 302
16.5, 76.3304, 308
-47.5714, 21.7174, 333

-129.317, 10.6217, 349
-80.8259, 108.043, 355
-41.817, 117.965, 323
-13.7054, 105.448, 307
20.7589, 78.1739, 310
-39.4152, 27.013, 327

-130.875, 15.1739, 349
-82.1786, 109.278, 354
-48.9107, 121.252, 332
-15.0268, 106.435, 306
19.1875, 74.7478, 307
-42.7232, 18.6522, 330

-131.911, 13.9304, 356
-81.25, 103.478, 350
-40.75, 119.061, 326
-16.3393, 104.761, 305
16.4464, 77.4174, 307
-28.9286, 30.9913, 324

-129.955, 13.8913, 355
-82.1786, 107.739, 354
-43.5268, 118.696, 325
-13.7054, 109.452, 307
20.4911, 75.8348, 306
-50.8482, 27.6739, 335

-139.366, 11.0478, 363
-80.5982, 107.739, 354
-49.3527, 120.891, 335
-15.0759, 105.448, 307
17.6429, 74.0174, 304
-36.4955, 21.3261, 327

-132.652, 10.8957, 358
-86.0625, 110.204, 357
-43.9286, 119.791, 328
-16.3929, 105.104, 306
19.0625, 74.2609, 305
-34.9286, 19.8435, 326

-128.732, 13.9304, 356
-82.1786, 106.2, 354
-43.9286, 119.791, 328
-16.2321, 108.026, 303
19.0625, 74.2609, 305
-42.5937, 20.0261, 329

-131.54, 13.8913, 355
-77.4554, 105.609, 347
-39.7768, 121.957, 330
-10.9286, 105.104, 306
19.0625, 74.2609, 305
-31.8214, 26.7652, 324

-135.848, 12.4522, 358
-79.9152, 106.826, 351
-42.3348, 120.848, 327
-15.0759, 106.783, 307
20.692, 75.2348, 309
-36.6071, 27.0957, 328

-134.71, 10.8043, 355
-82.4107, 106.5, 355
-47.5714, 121.617, 333
-19.75, 109.913, 316
15.0268, 75.8348, 306
-44.5982, 24.613, 333

-131.054, 15.5652, 358
-82.4107, 103.413, 355
-48.4687, 117.296, 329
-25.7946, 110.257, 321
5.5, 79.0087, 308
-52.1875, 23.2348, 334

-136.5, 12.6609, 364
-91, 101.287, 364
-57.1518, 120.348, 346
-33.9866, 109.374, 331
-2.75, 76.3304, 308
-53.6786, 23.2348, 334

-147.978, 8.28261, 381
-98.5089, 100.817, 374
-65.0625, 114.661, 347
-36.6071, 105.53, 328
-14.9777, 78.2391, 305
-59.1964, 25.1304, 340

-153.607, 6.50435, 374
-103.241, 97.3043, 373
-66.8036, 118.017, 348
-43.8884, 110.543, 339
-24.9107, 76.8261, 310
-64.125, 23.7913, 342

-153.563, 3.28696, 378
-114.911, 98.3478, 390
-74.6964, 117.635, 356
-50.5446, 107.139, 333
-35.0536, 74.8435, 302
-66.0357, 16.4522, 344

-166.286, 1.66957, 384
-121.714, 95.1652, 384
-81.0536, 114.539, 356
-59.4643, 101.348, 333
-59.1429, 56.3478, 288
-80.7857, 12.1043, 348

-171.875, -3.34783, 385
-131.982, 89.6391, 389
-92.4375, 107.1, 357
-71.5714, 100.2, 334
-84.2679, 38.5478, 286
-96.1607, 6.24348, 359

-180.71, -8.54348, 393
-143.196, 89.5304, 396
-107.545, 109.5, 365
-87.7902, 99, 345
-103.482, 18.5652, 305
-110.804, -3.17391, 365

-188.339, -13.8435, 398
-144.955, 83.0435, 382
-118.598, 93.6522, 359
-101.875, 89.2957, 326
-110.29, 7.95652, 305
-110.196, -4.73478, 363

-194.5, -15.2217, 389
-159.911, 81.3304, 398
-120.201, 101.457, 359
-113.866, 83.8826, 327
-125.554, -2.74783, 316
-123.884, -9.65217, 370

-205.357, -19.1304, 400
-171.634, 80.0217, 409
-123.964, 97.513, 356
-123.625, 79.8, 322
-128.335, -5.61739, 323
-122.879, -20.7435, 367

-204.844, -19.0826, 399
-177.429, 79.2, 414
-128.732, 95.9652, 356
-127.143, 75.1304, 320
-130, -9.73913, 320
-118.625, -18.9913, 364

-202.29, -24.4087, 401
-172.366, 72.913, 390
-130.321, 94.4174, 356
-132.437, 75.1217, 326
-132.661, -12.6391, 323
-125.196, -17.6478, 369

-203.571, -27.8261, 400
-171.67, 67.2043, 377
-143.205, 92.4391, 373
-138.482, 67.4348, 330
-130.366, -8.1913, 314
-118.625, -25.3217, 364

-201.281, -34.6957, 399
-182.549, 63.8652, 397
-140.902, 86.1652, 367
-133.893, 66.6174, 326
-128.335, 11.2348, 323
-120.58, -26.9783, 365

-206.116, -38.7391, 405
-182.089, 61.9826, 396
-138.375, 88.2391, 369
-131.116, 67.4348, 330
-106.705, 44.9391, 323
-112.5, -12.5217, 360

-198, -39.6, 396
-179.004, 58.687, 397
-134.134, 80.2696, 362
-131.687, 68.6, 343
-79.8571, 55.3391, 344
-111.509, -15.7391, 362

-193.821, -43.6957, 402
-170.625, 57.6522, 390
-127.286, 81.113, 352
-111.161, 67.8435, 332
-66, 58.1565, 352
-105.045, -20.4609, 362

-184.786, -39.8, 398
-159.768, 62.5783, 389
-119.089, 79.3565, 351
-106.562, 78.5783, 341
-56.7321, 58.3217, 353
-93.7679, -17.0261, 356

-179.004, -34.5217, 397
-151.777, 63.113, 382
-111.857, 84.7304, 348
-95.7589, 78.913, 330
-41.9464, 57.4956, 348
-85.3393, -20.0087, 354

-177.134, -32.1348, 389
-148.754, 64.9435, 383
-106.888, 81.4696, 347
-88.6607, 79.1522, 331
-38.5045, 58.5, 345
-78.3482, -19.8391, 351

-165.375, -29.5826, 378
-143.397, 70.6696, 387
-100.402, 84.2435, 346
-78.8304, 78.1957, 327
-34.5714, 59.687, 352
-77, -12.2435, 352

-158.598, -28.2348, 382
-128.491, 68.987, 369
-84.4107, 82.2087, 326
-77.8437, 80.1043, 329
-23.3705, 60.6957, 349
-66.8036, -10.5913, 348

-146.277, -23.1913, 381
-117.964, 73.4, 367
-77.875, 95.9652, 356
-67.0714, 70.7652, 313
-10.9063, 65.2478, 349
-57.6473, -10.6217, 349

-130.714, -14.3217, 366
-99.6696, 81.1565, 366
-63.0357, 99.7609, 353
-52.5804, 57.7739, 302
0, 63.9391, 342
-42.75, -7.43478, 342

-119.929, -9.6, 368
-79.2321, 84.7304, 348
-44.6652, 102, 345
-28.8527, 39.0956, 281
21.1875, 69.2739, 339
-29.8214, -5.8087, 334

-98.5804, 3.14783, 362
-62.7813, 87.987, 343
-21.8973, 103.787, 327
-11.2098, 31.5391, 279
36.1071, 68.8652, 337
-16.4509, -4.36957, 335

-94.6607, 4.85217, 372
-51.1518, 89.3783, 337
-14.5536, 106.304, 326
0, 27.3, 273
46.3616, 68.4565, 335
-7.47768, 1.45652, 335

-83.2857, 7.65217, 352
-44.6652, 96, 345
-7.25446, 107.391, 325
5.21429, 27.9304, 292
52.3929, 66.6174, 326
4.43304, -2.87826, 331

-75.2143, 6.10435, 351
-33.0982, 93.7739, 337
4.27232, 108.183, 319
13.5536, 24, 276
63.3482, 71.7391, 330
10.1875, -9.92174, 326

-66.2277, 7.5, 345
-24.7411, 89.2957, 326
8.67857, 108.47, 324
19.4866, 22.7739, 291
68.192, 69.2391, 325
16.1071, -1.42609, 328

-62.1429, 10.5913, 348
-17.6786, 93.2609, 330
15.3705, 107.509, 313
21.0982, 19.3391, 278
74.7768, 71.3696, 335
20.3125, -2.82609, 325

-60.067, 7.5, 345
-16.1562, 88.687, 329
20.7589, 102.435, 310
23.6652, 14.5565, 279
79.3125, 67.2304, 329
20.375, -2.83478, 326

-52.0625, 10.4391, 343
-11.9286, 88.5826, 334
23.6786, 99.0261, 312
26.5179, 7.74783, 297
85.9643, 66.4, 332
23.3571, -9.95217, 327

-53.4375, 5.94783, 342
-5.89286, 83.2174, 330
26.0402, 93.4348, 307
28.2187, -2.61739, 301
83.2321, 61.8261, 316
21.7634, -15.5435, 325

-53.125, 2.95652, 340
-10.4063, 76.7348, 333
20.558, 86.7609, 307
27.1429, -9.25217, 304
82.9687, 57.5217, 315
21.6295, -23.8739, 323

-57.317, -7.54348, 347
-11.8214, 70.5174, 331
16.3393, 76.913, 305
23.2232, -14.6348, 306
77.3437, 50.6739, 315
20.125, -29.4, 322

-60.067, -18, 345
-17.4643, 62.3652, 326
8.30357, 71.4348, 310
20.2232, -11.8174, 302
75.6964, 42.3217, 314
21.7634, -31.087, 325

-63.3929, -21.6087, 355
-23.7143, 56.2956, 332
0, 68.2957, 308
13.75, 9.73913, 280
70.3125, 39.7174, 315
17.5714, -29.9478, 328

-69.1429, -24.487, 352
-32.6071, 56.2956, 332
-8.54464, 65.187, 319
13.5536, 30, 276
67.7723, 35.1087, 323
11.9643, -33.5, 335

-76.0714, -32.413, 355
-43.3705, 49.5217, 335
-18.2812, 63, 315
10.4286, 43.1652, 292
61.0446, 34.5652, 318
10.5, -33.6, 336

-91.5, -41.3739, 366
-63, 45.287, 336
-33.1652, 61.7913, 323
-1.35714, 51.5478, 304
44.9777, 29.6739, 325
-12.1429, -41.3913, 340

-112.018, -46.5261, 369
-81.0536, 44.887, 356
-54.3214, 61.7217, 338
-18.6875, 53.2, 322
34.2946, 27.5913, 334
-26.7902, -44.5087, 353

-126.893, -45.5304, 374
-99.6696, 42.9652, 366
-68.1027, 58.9565, 339
-28.9286, 53.5304, 324
19.558, 29.3043, 337
-33.2812, -41.6739, 355

-129.786, -48, 368
-112.187, 42.1435, 359
-82.7455, 60.0739, 337
-50.2411, 56.1261, 331
0, 32.3304, 338
-47.4107, -43.0957, 354

-152.036, -49.9304, 396
-128.491, 44.9217, 369
-104.089, 65.0609, 348
-64.308, 59.7174, 335
-12.5714, 38.2609, 352
-74.3393, -39.3478, 362

-160.259, -50.3478, 386
-135.812, 46.7783, 371
-113.411, 65.0609, 348
-77.5357, 59.5391, 334
-20.6607, 41.7913, 356
-73.9286, -39.1304, 360

-173.214, -45.2174, 400
-143.205, 48.6522, 373
-119.786, 62.8174, 344
-83.5, 60.9913, 334
-28.4464, 44.6348, 354
-77.2143, -30.4, 368

-173.661, -42.2826, 389
-149.5, 49.0609, 364
-131.214, 60.9913, 334
-96.5714, 64.6609, 338
-36.5536, 46.4348, 356
-85.6518, -28.3304, 362

-186.772, -35.7, 391
3.2001e+007, 3.2001e+007, 3.2001e+007
-145.321, 48.9913, 313
-110.156, 64.3696, 329
-55.4018, 52.3696, 365
-104.071, -31.0609, 376

-198.482, -33.913, 390
-164.679, 52.9565, 348
-149.321, 27.0261, 296
-120.054, 64.8, 324
-65.3438, 52.7739, 357
-112.321, -17.6957, 370

-204.728, -29.6609, 379
-187.795, 60.9652, 369
-149.156, 2.61739, 301
-138.857, 70.4348, 324
-76.7143, 57.5913, 358
-120.58, -25.7391, 370

-209.143, -25.4609, 366
-190.143, 59.687, 352
-154, -12.0522, 308
-146.719, 62.6, 313
-87.9018, 59.1478, 358
-136.545, -22.7043, 373

-217.312, -25.4609, 366
-195, 56.9739, 336
-160.018, -17.4652, 309
-155.732, 59.8696, 306
-96.875, 60.8696, 350
-137.25, -22.2783, 366

-229.5, -27.9391, 378
-204.888, 55.3478, 335
-163.304, -21.5652, 310
-163.085, 54.2348, 297
-105.036, 60.1739, 346
-151.955, -33.4174, 366

-232.071, -28.2522, 361
-210.625, 55.6783, 337
-166.232, -26.5174, 321
-166.857, 52.0522, 292
-112.5, 62.3913, 350
-147.446, -32.7783, 359

-239.786, -27.5696, 373
-213.223, 56.6348, 334
-171.594, -29.4913, 323
-172.661, 50.9565, 293
-114.339, 64.4696, 337
-155.893, -31.3043, 360

-238.219, -26.8304, 363
-218.147, 55.6783, 337
-174.286, -25.0435, 320
-177.893, 50.9565, 293
-124.848, 66.1826, 354
-156.897, -30.8696, 355

-239.179, -26.7565, 362
-218.844, 57.2174, 329
-191.518, -25.8261, 330
-185.625, 52.9435, 297
-128.205, 66.1913, 346
-165.75, -26.387, 357

-250.393, -22.4609, 369
-232.915, 59.3043, 341
-202.839, 6.67391, 307
-186.67, 60.6, 303
-125.116, 66.1913, 346
-168.464, -21.6696, 356

-249.036, -17.5522, 367
3.2001e+007, 3.2001e+007, 3.2001e+007
-213.125, 68.2957, 308
-178.125, 69.1304, 300
-125.839, 69.6, 348
-160.741, -16.8826, 353

-233.478, -3.05217, 351
-218.147, 76.1913, 337
-195.103, 90.1522, 319
-163.134, 80.0956, 302
-113.312, 80.5304, 343
-152.429, -6.12174, 352

-228.125, 7.93478, 365
-189.036, 83.8087, 316
-170.893, 105.409, 319
-139.688, 91.9913, 298
-94.3839, 85.9913, 341
-138.214, 2.9913, 344

-206.719, 16.4043, 343
-166.915, 90.013, 309
-147.188, 109.217, 314
-117.683, 104.074, 303
-72.8438, 91.213, 333
-125.196, 16.3565, 342

-190.286, 21.7174, 333
-160.313, 102.717, 315
-131.612, 122.665, 317
-98.4464, 110.13, 298
-53.9464, 91.2522, 318
-110.804, 19.2174, 340

-174.478, 28.087, 323
-140.179, 106.487, 314
-105.134, 124.235, 314
-71.6964, 112.991, 292
-29.4375, 92.8348, 314
-85.9643, 21.6522, 332

-150.955, 34.6739, 319
-111, 109.391, 296
-80.3348, 129.957, 305
-50.4911, 117.261, 290
-8.35714, 93.6, 312
-64.8884, 29.4913, 323

-145.259, 37.4478, 319
-97.7679, 109.183, 292
-64.7143, 128.678, 302
-34.3571, 120.974, 296
8.08929, 87.9739, 302
-50.625, 26.0217, 315

-124.554, 36.3913, 310
-77.3393, 109.896, 284
-43.1429, 128.678, 302
-13.9955, 114, 285
26.1607, 85.3522, 293
-39.125, 21.7739, 313

-105.804, 37.8261, 300
-52.4464, 107.961, 267
-24.683, 129.052, 291
7.41964, 109.596, 277
47.0759, 83.0217, 285
-16.1786, 28.887, 302

-88.9464, 39.4913, 293
-35.1429, 95.1913, 246
-9.92857, 124.496, 278
19.0714, 104.478, 267
57.7054, 79.413, 281
-9.34375, 27.3, 299

-84.2857, 39.7609, 295
-15.7366, 76.6304, 235
4.78571, 115.357, 268
29.4643, 104.452, 264
67.0179, 78.5652, 278
10.4286, 17.7739, 292

-71.75, 34.9391, 287
-10.4911, 59.2609, 235
7.23214, 116.217, 270
32.75, 101.383, 262
72.5223, 78.0652, 285
13.0357, 19.0435, 292

-70.6339, 33.1217, 293
-6.5625, 49, 245
10.4464, 109.652, 260
32.5, 98.3478, 260
68.75, 72.9348, 275
16.8304, 7.56522, 290

-66.2545, 29.1, 291
-8.42857, 40.0174, 236
9.21429, 105.443, 258
31.2188, 97.9696, 259
66.5357, 73.2, 276
14.3884, 10.1913, 293

-64.0938, 25.4783, 293
-9.96429, 31.2696, 248
5.9375, 105.243, 266
27.0045, 94.9087, 263
65.5402, 69.8522, 277
15.5893, 5.06087, 291

-63.8571, 15.5478, 298
-11.4286, 21.1478, 256
-1.16071, 92.6956, 260
28.3929, 89.8696, 265
64.6607, 67.913, 284
18.3125, -2.54783, 293

-67.6339, 11.8565, 303
-13.7143, 11.1304, 256
-4.64286, 85.913, 260
24.6429, 85.2, 276
62.317, 65.8565, 297
17.1786, -7.72174, 296

-67.6339, 7.90435, 303
-17.1875, 4.78261, 275
-8.5, 81.6, 272
22.0982, 78.913, 275
62.317, 65.8565, 297
17.4687, -11.7783, 301

-69.6429, 4.06957, 312
-16.8125, -1.16957, 269
-12.0536, 79.8261, 270
18.9509, 78.7478, 283
58.7321, 59.8, 299
19, -15.8609, 304

-71.0937, -8.47826, 325
-18.2812, -4.74783, 273
-15.4955, 67.3304, 267
14.0446, 68.3913, 286
57.5893, 49.5652, 300
13.7946, -24.1826, 309

-67.7143, -10.9913, 316
-20.5714, -12.5217, 288
-16.5402, 60.7174, 285
12.9018, 62.8261, 289
54.1071, 44.7913, 303
15.3214, -33.913, 312

-75, -20.4522, 336
-23.9464, -22.0261, 298
-20.0714, 47.6478, 281
9.1875, 51.1304, 294
50.7098, 41.3783, 307
9.96875, -36.0609, 319

-81.7232, -28.0043, 339
-31.7143, -27.0261, 296
-24.4286, 41.3217, 288
0, 41.1783, 287
49.9821, 35.1565, 311
8.70536, -42.3913, 325

-86, -37.3913, 344
-43.9018, -15.5478, 298
-29.1607, 38.2783, 284
-1.28571, 37.5652, 288
45.4286, 30.4174, 318
0, -45.4956, 327

-86.2232, -44.8826, 333
-60.6964, -10.7478, 309
-37.6741, 36.6913, 291
-10.0357, 35.4304, 281
39.7455, 24.0261, 307
-4.36607, -49.6087, 326

-97.1518, -56.4652, 351
-67.1875, -2.61739, 301
-49.875, 34.513, 294
-17.5, 28, 280
30.4464, 20.2174, 310
-4.36607, -55.2783, 326

-109.174, -66.6522, 365
-77.8661, 7.98261, 306
-55.5, 33.4609, 296
-25.0893, 26.8783, 281
25.6161, 17.0696, 302
-17.7321, -61.8826, 331

-117.594, -70.9739, 371
-88.0179, 13.8261, 318
-61.8125, 32.7174, 301
-35.5, 23.4609, 284
19.4196, 12.6087, 290
-25.1964, -64.9565, 332

-129.607, -78.0609, 382
-103.5, 20.4522, 336
-73.5848, 36.5087, 311
-47.5714, 23.1652, 296
5.28571, 9.0087, 296
-40.6205, -63.0044, 337

-143.705, -82.0435, 370
-113.737, 24.2783, 349
-82.9687, 39.7174, 315
-59.3214, 27.5739, 302
-10.5714, 9.0087, 296
-65.1607, -63.4609, 356

-168.937, -83.8783, 371
-127.143, 26.313, 356
-101.875, 43.9391, 326
-76.8527, 31.3, 313
-22.5402, 11.6217, 297
-75.4286, -55.0957, 352

-180.5, -83.187, 361
-143, 28.487, 364
-112.304, 47.4913, 331
-94.0179, 38.0348, 324
-37.375, 11.7, 299
-84.2321, -52.6261, 356

-190.696, -78.6956, 362
-159, 30.6478, 371
-128.638, 51.587, 339
-106.893, 39.9304, 328
-48.2143, 16.9565, 300
-91.0982, -43.5826, 358

-187.009, -75.6304, 355
-167.504, 31.3087, 379
-134.772, 49.787, 347
-113.781, 41.7348, 331
-57.1875, 17.2391, 305
-104.857, -47.8696, 367

-183.75, -61.1435, 343
-182.951, 33.3043, 383
-145.196, 54.1565, 346
-123.018, 44.7478, 332
-67.8125, 22.913, 310
-117.964, -47.8696, 367

-193.143, -58.7826, 338
-191, 38.2, 382
-155.42, 55.8435, 338
-136.094, 46.6087, 335
-82.5, 24.1043, 308
-127.795, -41.487, 367

-196.313, -48.5565, 349
-204.107, 38.1, 381
-170.893, 62.0348, 348
-148.661, 53.5696, 333
-94.4107, 33.8043, 311
-148.201, -40.5435, 373

-180.107, -32.8, 328
-200.393, 45.6435, 362
-177.067, 64.8522, 339
-148.107, 56.8652, 319
-98.2589, 39.087, 310
-141.67, -30.4826, 369

-167.786, -23.9478, 324
-205.446, 49.2522, 354
-177.527, 73.2609, 337
-153.321, 63.3913, 324
-100.098, 46.1087, 303
-145.42, -14.3217, 366

-157.768, -16.1739, 310
-224.33, 58.6957, 375
-176.25, 80.1043, 329
-150.429, 71.8957, 312
-98.0938, 51.0391, 301
-142.638, -23.413, 359

-158.634, -11.3391, 326
-215.286, 62.7478, 352
-175.179, 82.4609, 327
-151.821, 75.9652, 312
-97.308, 57.3957, 307
-138.679, -15.3478, 353

-153.795, -7.06522, 325
-215.536, 66.3696, 355
-170.893, 85.9913, 319
-142.826, 76.7, 299
-93.75, 61.3043, 300
-131.295, -10.5304, 346

-141.616, 1.35217, 311
-207.924, 73.5, 345
-170, 89.0435, 320
-136.567, 80.0609, 297
-88.6429, 64.7478, 292
-129, -8.97391, 344

-133.027, 6.8913, 317
-195.054, 74.8348, 331
-157.259, 94.0435, 309
-131.25, 85.6435, 294
-80.8214, 72.3652, 292
-119.205, -5.87826, 338

-121.705, 15.1609, 317
-180.107, 82.713, 328
-145.982, 99.1304, 300
-117.464, 92.0174, 286
-69.1875, 74.8696, 287
-111.161, -2.88696, 332

-114.978, 19.7609, 303
-161, 91, 322
-129.429, 107.67, 302
-103.42, 100.722, 286
-55.9821, 80.5435, 285
-96.6116, 11.2348, 323

-133.875, 26.8435, 294
-131.643, 100.452, 304
-105.714, 115.826, 296
-84.2679, 105.696, 286
-35.625, 85.5, 285
-81.1741, 13.8696, 319

-134.728, 26.7522, 293
-111.286, 101.774, 304
-82.7009, 110.283, 285
-61.0313, 104.322, 279
-18.0625, 85.4435, 289
-66.3036, 23.3565, 316

-132.942, 29.3652, 307
-102.536, 110.957, 319
-68.6161, 122.304, 290
-43.9062, 107.513, 281
-2.5, 82.7826, 280
-50.4643, 19.113, 314

-128.558, 35.9783, 331
-88.8571, 116.287, 311
-57.75, 126.548, 294
-30.8036, 111.6, 276
12.3214, 85.2, 276
-46.4063, 23.2826, 315

-124.085, 31.2783, 327
-80.5268, 113.583, 311
-49.5357, 124.417, 292
-24.9107, 110.387, 279
18.3482, 82.2, 274
-35.75, 21.4261, 308

-114.621, 29.6739, 325
-73.3571, 114.035, 316
-38.9732, 125.257, 291
-13.6027, 110.8, 277
28.2366, 82.5, 275
-28.5, 23.7913, 304

-108.817, 24.0217, 325
-70.3125, 110.935, 315
-33.3125, 118.543, 287
-8.6875, 107.574, 278
34.9554, 78.6522, 270
-25.8705, 21.2174, 305

-101.96, 15.8304, 331
-63.8661, 105.47, 311
-28.3125, 115.548, 302
-4.92857, 102, 276
36.1607, 76.3043, 270
-19, 15.8609, 304

-99.0045, 11.513, 331
-62.8571, 98.7826, 320
-28.125, 110.87, 300
-2.55357, 99.4783, 286
22.6786, 60.7391, 254
-14.9286, 13.2174, 304

-92.1696, 1.44783, 333
-59.4866, 90.4348, 325
-25.4464, 104.348, 300
-3.76339, 92.8522, 281
14.3348, 39.7348, 247
-12.2143, 6.6087, 304

-89.0268, -8.81739, 338
-58.5714, 86.2609, 320
-22.9196, 102.417, 302
0, 86.4, 288
6.53571, 16.9739, 244
-9.46875, 2.63478, 303

-83.4821, -13.3043, 340
-57.3214, 78.1565, 321
-21.4286, 92.6087, 300
3.81696, 78.0652, 285
7.20536, 3.5087, 269
-11, -16.0696, 308

-89.8482, -19.613, 347
-56.7857, 74.6609, 318
-21.3571, 87.1, 299
-1.25446, 74.5261, 281
7.96875, -7.76087, 255
-8.30357, -22.913, 310

-92.9464, -30.1739, 347
-58.5714, 61.2174, 320
-21.3571, 79.3, 299
-6.27232, 68.4174, 281
5.66964, -22.087, 254
-14.0179, -20.4783, 314

-93.2143, -37.8261, 348
-65.6071, 58.087, 334
-26.6964, 72.8, 299
-7.25893, 55.3783, 271
2.25893, -31.9, 253
-14.0179, -36.8609, 314

-91.1339, -48.1391, 346
-62.1964, 49.3043, 324
-29.1696, 68.4391, 297
-10.4866, 44.2565, 261
0, -42.6261, 258
-16.8214, -47.7826, 314

-95.2143, -52.3478, 344
-63.8393, 45.2174, 325
-31.5, 62.6348, 294
-13.6071, 35.3391, 254
-4.625, -48.4217, 259
-14.0179, -49.1478, 314

-95.3125, -59.3478, 350
-65.5089, 38.8348, 319
-31.8214, 54.2348, 297
-19.1429, 30.2957, 268
-8.375, -57.0957, 268
-19.6875, -58.8913, 315

-103.714, -64.2783, 352
-74.5536, 30.4957, 334
-38.9687, 47.113, 301
-28.3929, 21.8913, 265
-12.817, -63.5478, 261
-22.5714, -64.5739, 316

-110.371, -78.613, 369
-79.9732, 23.513, 338
-49.1786, 43.9043, 306
-36.0268, 19.8826, 269
-19.5, -70.0304, 273
-30.1875, -74.2, 322

-116.009, -79.5652, 366
-90, 18.9913, 336
-56.0089, 39.913, 306
-43.4375, 13.2957, 278
-25, -70.6087, 280
-36.4955, -72.5087, 327

-124.179, -84.3391, 366
-108.121, 13.7348, 351
-68.1429, 35.9478, 318
-49.0982, 15.9391, 282
-34, -39.0261, 272
-37.8393, -69.4522, 326

-132.254, -88.0435, 375
-112.5, 13.6957, 350
-76.4241, 36.513, 323
-60.375, 21.7304, 294
-24.8214, -6.04348, 278
-47, -62.9391, 329

-134.156, -85.4913, 371
-120.107, 12.313, 354
-84.1518, 38.1522, 325
-64.9286, 22.3957, 303
-24.5134, 3.76957, 289
-50.6964, -66.8, 334

-137.049, -88.9826, 379
-128.929, 12.5565, 361
-96.3393, 38.9739, 332
-73.1116, 25.5261, 309
-27.9375, 9.06956, 298
-61.25, -65.6174, 343

-148.996, -83.1522, 375
-136.228, 15.6087, 359
-108.643, 39.6783, 338
-85.2366, 28.5783, 313
-38, 10.5739, 304
-69.308, -64.5, 345

-170.616, -85.6522, 394
-150.71, 14.2043, 363
-122.732, 42.3652, 348
-99.8036, 35.2174, 324
-48.7232, 18.1435, 321
-82.1786, -58.487, 354

-190.781, -83.1696, 407
-169.929, 17.5043, 366
-132.393, 43.9565, 337
-106.875, 35.6087, 315
-59.1205, 21.0652, 323
-95.8929, -54.4783, 358

-191.027, -76.1087, 389
-180.375, 22.1565, 364
-149.187, 47.4435, 341
-125.714, 40.3478, 320
-71.75, 28.5217, 328
-104.174, -51.5087, 359

-194.723, -72.1652, 386
-191.223, 23.6739, 363
-162.786, 52.3478, 344
-132.589, 26.087, 300
-83.25, 31.8522, 333
-110.937, -46.3043, 355

-205.063, -73.8435, 386
-196.071, 23.4783, 360
-166.473, 45.6913, 339
-141.094, 22.2478, 301
-88.9286, 36.087, 332
-124.437, -47.2174, 362

-218.107, -73.6609, 394
-200.335, 24.9739, 359
-175.58, 50.5565, 342
-153, 9.31304, 306
-101.098, 38.2087, 338
-125.009, -49.9478, 359

-216.446, -68, 391
-215.893, 29.113, 372
-185.821, 52.3478, 344
-153.5, -8.0087, 307
-108.321, 43.9565, 337
-136.5, -44.313, 364

-224.598, -62.7391, 390
-212.143, 34.4348, 360
-183.545, 55.6783, 337
-155.714, -9.73913, 320
-110.804, 44.3478, 340
-135.75, -45.6435, 362

-221.062, -57.5217, 378
-208.777, 39.4522, 349
-191.406, 62.6348, 343
-153.321, -15.4957, 324
-113.312, 50.7043, 343
-135.75, -40.9217, 362

-219.415, -51.3522, 381
-209.375, 44.1304, 350
-187.5, 68.6609, 336
-145.638, -14.0435, 323
-118.75, 59.3478, 350
-136.607, -28.1739, 360

-214.232, -42.0522, 372
-217.312, 55.6956, 366
-171.777, 73.2783, 318
-143.638, -11.3043, 325
-108.643, 63.1913, 338
-132.652, -21.7913, 358

-216.571, -34.6043, 379
-197.143, 58.5, 345
-169.754, 83.3696, 325
-138.482, -7.17391, 330
-99.6027, 70.9435, 333
-125.357, -15.2609, 351

-211.955, -25.1739, 386
-187.902, 69, 345
-156.589, 87.9304, 316
-131.786, 1.42609, 328
-84.5491, 76.7609, 321
-117.188, -13.6957, 350

-194.464, -7.8913, 363
-171.013, 81.0652, 339
-141.165, 94.7696, 307
-116.799, 21.0652, 323
-71.5313, 82.4609, 327
-109.987, -6.03478, 347

-186.268, -4.77391, 366
-161.067, 86.3478, 331
-130.607, 106.461, 318
-104.5, 30.8, 308
-58.3884, 87.3783, 319
-99.8214, 2.9913, 344

-178.75, 3.16522, 364
-163.594, 95.5957, 349
-128.17, 106.796, 319
-99.0714, 40.9739, 304
-49.4821, 87.8783, 326
-89.5536, 17.7391, 340

-166.455, 12.5913, 362
-145.25, 95.2696, 332
-120.375, 111.652, 321
-85.2455, 66.913, 285
-34.0893, 96.713, 332
-78.2321, 16.1174, 337

-164.125, 15.8261, 364
-132.991, 105.057, 331
-104.799, 118.396, 313
-71.1161, 102.609, 295
-24.3616, 96.3, 321
-70.2902, 17.4783, 335

-156.937, 23.0087, 378
-121.902, 110.035, 333
-91.2277, 118.022, 305
-57.375, 118.409, 306
-16.058, 96.6783, 327
-61.1339, 24.687, 334

-131.625, 22.8913, 351
-110.491, 110.478, 330
-76.5, 122.4, 306
-40.0045, 119.57, 309
-2.90179, 103.152, 325
-42.5937, 30.0391, 329

-123.085, 30.3478, 349
-94.308, 114.457, 325
-64.0938, 117.2, 293
-26.125, 119.183, 308
13.2991, 97.8609, 331
-35.0357, 25.5913, 327

-111.33, 33.7, 337
-80.75, 117.965, 323
-52.6875, 114.843, 281
-16.125, 120.4, 301
20.5625, 97.2696, 329
-24.3616, 27.913, 321

-101.393, 27.5913, 334
-68.9062, 112.304, 315
-42.8036, 104.217, 282
-7.875, 113.765, 294
32.5089, 94.9826, 331
-14.375, 22.4, 322

-92.4464, 29.0435, 334
-64.0714, 111.235, 312
-28.1786, 84.6174, 263
-3.89732, 113.87, 291
38.2813, 98.4261, 343
-12.8973, 27.913, 321

-79.3125, 21.4565, 329
-45.5223, 104.791, 309
-9.0625, 35.3043, 290
8.59375, 95.6522, 275
55.9955, 88.4348, 339
4.24554, 9.64783, 317

-73.4375, 17.1652, 329
-35.2857, 99.1304, 304
-3.84375, 24.9565, 287
13.75, 93.7391, 280
54.6741, 79.1522, 331
11.2143, 5.46087, 314

-74.4509, 14.2174, 327
-33.817, 96.1696, 303
-2.5, 15.8261, 280
10.0714, 85.8261, 282
54.5089, 78.913, 330
7.03125, -6.84783, 315

-69.8571, 9.92174, 326
-31.625, 87.0435, 308
2.65179, 5.16522, 297
14.0446, 78.3391, 286
60, 73.0435, 336
12.7768, -9.67826, 318

-63.6429, -1.4087, 324
-30.3482, 81.9522, 309
2.61607, 5.09565, 293
16.4821, 71.6174, 284
61.125, 60.9478, 326
15.567, -17.9174, 317

-65.692, -7.1087, 327
-28.875, 76.3304, 308
3.73661, -4.85217, 279
16.308, 67.1956, 281
69.8214, 57.6522, 340
15.4196, -21.8435, 314

-66.6964, -11.5478, 332
-26.125, 70.9739, 308
3.77679, -3.67826, 282
19.8571, 64.0609, 278
66.2946, 50.2174, 330
19.6875, -23.2826, 315

-68.1786, -17.3217, 332
-27.5, 65.6174, 308
3.73661, -1.21304, 279
22.7411, 56.6, 283
72.2143, 46.887, 337
19.75, -24.7304, 316

-63.9241, -26.0609, 333
-29.9554, 53.0435, 305
-3.50893, 31.8956, 262
22.5804, 51.313, 281
68.4018, 41.1043, 326
18.5134, -29.1261, 319

-67.0982, -31.9478, 334
-33.1473, 41.3217, 297
-5.95982, 41.7913, 267
19.5, 42.7304, 273
66.0938, 30.1304, 315
19.625, -35.4957, 314

-72.4062, -44.613, 331
-40.6607, 31.2, 276
-9.71429, 44.9391, 272
17.0625, 40.3565, 273
65.4643, 24.4174, 312
11.1429, -44.7652, 312

-74.5536, -53.7304, 334
-46.4821, 17.8696, 274
-16.0759, 43.3565, 277
15.9598, 35.8696, 275
61.2723, 15.913, 305
12.5759, -50.3522, 313

-82.9286, -67.3044, 344
-60.9375, 1.18696, 273
-26.7188, 34.6957, 285
2.47321, 27.7, 277
48.7277, 7.69565, 295
0, -57.9565, 310

-90.0804, -81.5739, 354
-74.4643, -16.9217, 278
-44.3214, 27.9304, 292
-10.0357, 18.3261, 281
33.3705, -3.9, 299
-9.6875, -70.087, 310

-100.473, -88.3826, 363
-83.75, -30.2957, 268
-58.5357, 19.4348, 298
-20.9286, 15.287, 293
22.9196, -7.87826, 302
-23.8304, -73.7217, 314

-113.125, -96.0087, 362
-83.4777, -48.3087, 271
-70.2723, 15.4957, 297
-35.7991, 14.2043, 297
11.1429, -5.42609, 312
-32.7545, -77.6696, 319

-114.107, -92.6087, 355
-87.9375, -62.6348, 294
-83.5893, 11.8174, 302
-46.1429, 11.8957, 304
-1.43304, -6.97826, 321
-39.2946, -79.3739, 326

-123.214, -92.8, 368
-90.8705, -69.2609, 295
-91.9821, 6.58696, 303
-53.4509, 10.6783, 307
-8.73214, -5.66956, 326
-42.4643, -79.8609, 328

-134.723, -91.3478, 382
-98.75, -75.5652, 316
-104.799, 4.08261, 313
-68.1429, 13.8261, 318
-19.3839, -1.45217, 334
-52.6563, -79.1217, 337

-139.219, -87.0435, 385
-104.786, -75.1217, 326
-113.848, 1.35217, 311
-83.6339, 11.2348, 323
-37.2857, 7.56522, 348
-60.2411, -79.7304, 346

-155.893, -77.6, 388
-124.094, -78.4783, 361
-130, 5.56522, 320
-102.607, 14.6957, 338
-53.125, 10.6522, 350
-76.125, -77.1652, 348

-173.647, -73.2261, 401
-127.027, -64.8739, 347
-146.429, 9.98261, 328
-111.83, 21.7826, 334
-68.9152, 20.2913, 359
-88.6384, -62.7826, 361

-192.188, -67.7391, 410
-149.906, -64.1739, 369
-155.246, 15.5435, 325
-128.259, 29.3913, 338
-79.0179, 24.6261, 354
-108.429, -54.4, 368

-199.768, -56.8174, 396
-163.259, -43.5, 345
-168.393, 21.3913, 328
-139.5, 36.5217, 336
-94.5089, 34.913, 365
-122.893, -54.9913, 372

-205.179, -46.6261, 383
-179.696, -25.6478, 347
-174.107, 26.8478, 325
-146.563, 36.413, 335
-100.857, 38.3696, 353
-127.875, -45.287, 372

3.2001e+007, 3.2001e+007, 3.2001e+007
3.2001e+007, 3.2001e+007, 3.2001e+007
3.2001e+007, 3.2001e+007, 3.2001e+007
3.2001e+007, 3.2001e+007, 3.2001e+007
3.2001e+007, 3.2001e+007, 3.2001e+007
3.2001e+007, 3.2001e+007, 3.2001e+007

-223.402, -38.2, 382
-195.871, 11.3043, 325
-182.25, 42.2609, 324
-155.723, 45.3565, 326
-109.969, 45.013, 357
-137.469, -48.3913, 371

-227.679, -28.087, 340
-211.54, 61.0435, 351
-175.5, 83.2696, 336
-146.429, 75.5826, 328
-100.402, 61.6783, 346
-141.286, -17.6, 368

-225, -23.3739, 336
-213.75, 72, 360
-167.5, 87.3913, 335
-141.429, 81.7826, 330
-96.6741, 66.3696, 355
-145.022, -12.6957, 365

-210, -16.6957, 320
-201.143, 78.0522, 352
-163.929, 96.087, 340
-137.313, 92.5826, 338
-88.75, 72.5435, 355
-134.625, -15.6087, 359

-181.536, 1.3, 299
-185.429, 90.2957, 352
-148.942, 106.961, 337
-122.946, 100.522, 340
-75.2143, 82.4087, 351
-130.688, 7.76087, 357

-155.031, 12.4783, 287
-161.036, 92.9391, 334
-131.304, 118.957, 342
-101.696, 109.239, 335
-56.4107, 88.513, 351
-105.286, 13.7739, 352

-124.612, 21.2087, 271
-146.17, 101.883, 321
-110.946, 119.426, 327
-81.75, 113.739, 327
-38.1696, 87.7304, 342
-87.7902, 21, 345

-115.353, 33.5739, 297
-127.156, 103.426, 313
-98.5714, 119.652, 320
-71.75, 115.513, 328
-26.3348, 90.5217, 347
-74.7768, 17.4783, 335

-76.5714, 36.1217, 268
-113.183, 108.87, 313
-80.6652, 124.043, 317
-51.7411, 112.717, 305
-12.0357, 93.7739, 337
-57.6295, 24.4652, 331

-49.2366, 44.4435, 269
-97.442, 106.6, 299
-64.9286, 121.2, 303
-35.6027, 119.278, 319
5.80357, 91.8478, 325
-40.5, 25.3565, 324

-28.6071, 44.113, 267
-84, 108.652, 294
-54.8214, 125.47, 307
-20.8259, 117.639, 311
21, 96.4174, 336
-25.5536, 22.1217, 318

-12.0089, 40.9348, 269
-70.1518, 105.013, 291
-42.8705, 120.196, 291
-11.8527, 111.587, 295
27.3125, 88.2, 322
-9.875, 19.2348, 316

-4.80357, 33.9174, 269
-60.8571, 101.252, 284
-29.9821, 115.53, 292
-2.66071, 108.835, 298
38.2098, 82.6956, 317
-2.78571, 13.5652, 312

8.4375, 29.3478, 270
-47.5, 96.1739, 280
-18.1875, 112.604, 291
10.5, 100.983, 294
56.4286, 76.9391, 316
8.25, 5.35652, 308

10.567, 17.1522, 263
-42.5714, 88.1044, 298
-9.59375, 106.783, 307
22.5, 86.4348, 280
68.9866, 60.6, 303
14.7812, -3.92609, 301

4.69643, 5.71739, 263
-34.125, 75.4174, 294
-1.29464, 94.5652, 290
24.9107, 78.8478, 279
68.1964, 51.2696, 268
18.8125, -17.013, 301

-7.04464, -6.86087, 263
-32.25, 70.6696, 301
-3.88393, 85.7391, 290
20.4152, 70.1739, 269
63.3482, 41.5043, 258
22.3884, -19.2391, 295

-24.0179, -10.5261, 269
-29.8571, 67.4087, 304
-1.30357, 81.2522, 292
19.2857, 64.5652, 270
60.0982, 37.5478, 254
17.2946, -22.0261, 298

-47.4062, -16.2217, 287
-20.692, 61.8, 309
0, 74.087, 284
20.0357, 58.5391, 264
56.875, 30.8913, 245
13.3036, -23.3217, 298

-53.9732, -17.5217, 310
-16.7679, 61.2391, 313
3.75, 68.1739, 280
17.4107, 53.1304, 260
46.1607, 22.4783, 235
11.8929, -34.7478, 296

-50.7857, -17.8609, 316
-16.7143, 59.687, 312
0, 64.4348, 285
17.3438, 49.5478, 259
33.2143, 18.7826, 240
13.125, -26.8435, 294

-53.1964, -20.1478, 331
-19.375, 52.5652, 310
-1.26786, 66.6783, 284
11.9643, 51.2696, 268
0, 4.15652, 239
6.60714, -34.7478, 296

-54.6429, -22.1739, 340
-29.9063, 55.4783, 319
-10.4286, 68.5565, 292
0, 50.4, 276
-11.3839, -24.3913, 255
-1.375, -38.8348, 308

-61.4598, -23.0217, 353
-41.25, 55.9565, 330
-24.3482, 69.8217, 303
-18.3482, 45.2696, 274
-21.6964, -36.3913, 270
-4.13839, -41.6478, 309

-68.4375, -26.9783, 365
3.2001e+007, 3.2001e+007, 3.2001e+007
-34.4866, 67.1739, 309
-39.5714, 43.3565, 277
-29.058, -40.6043, 283
-11.1429, -47.4783, 312

-75.1339, -21.1391, 374
-64.7946, 58.487, 354
-47.3571, 69.1826, 312
-55.4464, 34.8, 276
-35.25, -44.1391, 282
-14.1071, -53.5826, 316

-90.5357, -28.8261, 390
-84.9241, 55.1391, 373
-64.6875, 65.8, 322
-75.3304, 26.113, 286
-46.4464, -45.2348, 289
-26.7187, -45.1957, 315

-394.491, -170, 782
-104.571, 50.9217, 366
-87.9598, 60.387, 323
-85.9107, 15.9957, 283
-51.3616, -42.3261, 295
-36.6071, -44.2087, 328

-114.286, -27.8261, 400
-126.446, 45.5478, 388
-113.973, 58.5, 345
-103.071, 3.86087, 296
-64.6875, -45.1957, 315
-44.3304, -40.2956, 331

-123.554, -30.0826, 407
3.2001e+007, 3.2001e+007, 3.2001e+007
-125.982, 54.6957, 340
-110.652, -9.31304, 306
-70.6563, -43.5348, 323
-61.4598, -47.5783, 353

-134.357, -27.2609, 418
3.2001e+007, 3.2001e+007, 3.2001e+007
-131.687, 52.1956, 343
-108.929, -10.6087, 305
-77.5357, -46.4696, 334
-61.6339, -41.5565, 354

-138.179, -35.0261, 424
3.2001e+007, 3.2001e+007, 3.2001e+007
-154.437, 50.6478, 353
-117.161, -22.5391, 324
-85.5804, -49.3913, 355
-69.3393, -33.7652, 353

3.2001e+007, 3.2001e+007, 3.2001e+007
3.2001e+007, 3.2001e+007, 3.2001e+007
-169, 50.6435, 364
-122.647, -21.587, 331
-80.3214, -40.6174, 346
-104.732, -51, 391

-171.679, -32.713, 418
-191.237, 44.4261, 393
-171.009, 52.9217, 358
-138.616, 3, 345
3.2001e+007, 3.2001e+007, 3.2001e+007
-94.25, -28.487, 364

-202.031, -35.6043, 431
-196.268, 42.8435, 379
-179.879, 56.8174, 363
-148.286, 31.5913, 346
-109.174, -2.91304, 335
-114.621, -30.913, 395

-197.719, -34.6957, 399
-199.125, 46.0174, 378
-176.5, 62.9261, 353
-142.625, 51.0261, 326
-111.661, 42.6174, 338
-117.25, -13.6348, 392

-197.018, -34.1478, 374
-199.219, 45.013, 357
-182.112, 72.2, 361
-142.902, 61.6957, 330
-102, 62.8174, 336
-123.429, -11.687, 384

-206.786, -33.5652, 386
-199.875, 53.8087, 364
-173.536, 77.7739, 344
-139.741, 75.287, 333
-96.0446, 70.9087, 347
-127.187, -3.34783, 385

-203.714, -27.2, 368
-200.571, 57.9913, 351
-171, 86.2435, 342
-136.679, 85.2522, 344
-92.3705, 82.0696, 363
-119.893, 3.24348, 373

-205.375, -24.1957, 371
-190.429, 64.313, 344
-162, 86.1913, 336
-132.393, 89.3783, 337
-88.8839, 81.8435, 362
-117.594, -3.22609, 371

-201.143, -19.8957, 352
-189.991, 70.7043, 346
-160.022, 94.6739, 335
-126.362, 94.1087, 333
-79.9152, 83.9348, 351
-113.75, 9.49565, 364

-195.964, -16.9304, 354
-178.259, 74.6087, 330
-159.83, 102.248, 351
-118.607, 95.5478, 328
-76.5, 85.3696, 357
-110.585, 6.24348, 359

-186.268, -11.8957, 342
-176.545, 82.2956, 338
-147.875, 101.4, 338
-112.125, 93.8, 322
-67.1875, 85.2174, 350
-106.857, 9.18261, 352

-187.442, -12.0696, 347
-170.004, 80.587, 337
-143.098, 100.817, 341
-112.107, 100.209, 344
-62.5045, 84.287, 359
-101.853, 10.6826, 351

-184.201, -10.3783, 341
-171.5, 80.5304, 343
-136.205, 104.648, 339
-110.804, 102, 340
-59.7143, 81.113, 352
-96.3214, 1.51304, 348

-182.75, -10.4696, 344
-161.455, 79.3565, 338
-134.295, 101.4, 338
-100.42, 96.3826, 326
-53.2812, 81.5435, 341
-92.1429, 10.4696, 344

-179.179, -12.0348, 346
-163.929, 79.8261, 340
-130.536, 101.704, 344
-98.9643, 97.8, 326
-52.5179, 79.7304, 346
-101.357, 5.98261, 344

-177.121, -12, 345
-159.844, 83.0261, 341
-127.5, 103.478, 340
-96.9375, 97.2696, 329
-44.7946, 79.7304, 346
-99.8214, -1.49565, 344

-176.562, -15.2174, 350
-158.438, 77.887, 338
-127.879, 101.1, 337
-96.0491, 99.3, 331
-42.875, 79.0391, 343
-91.7723, 2.93043, 337

-174.5, -15.1739, 349
-157.554, 79.7304, 346
-122.946, 102, 340
-87.5893, 98.1, 327
-36.942, 70.5174, 331
-85.5, -1.46087, 336

-169.911, -18.0522, 346
-158.464, 80.1913, 348
-120.134, 103.5, 345
-88.2366, 94.6739, 335
-35.4643, 71.9565, 331
-85.5, 1.46087, 336

-172.942, -19.7261, 349
-154.656, 79.0391, 343
-117.348, 99.6348, 337
-82.9554, 94.9652, 326
-31.8214, 69.0261, 324
-88.5, -5.84348, 336

-168.366, -21.0609, 346
-149.554, 78.6522, 335
-115.955, 97.0043, 333
-79.308, 91.2826, 323
-30.5625, 65.2, 326
-93.5536, -7.34783, 338

-169.42, -18, 345
-152.853, 79.5913, 339
-116.187, 101.4, 338
-77.1429, 91.8261, 320
-28.8393, 70.2174, 323
-90, -7.30435, 336

-173.437, -18.2609, 350
-149.384, 77.887, 338
-113.321, 98.7478, 334
-76.6607, 91.2522, 318
-28.4821, 65.187, 319
-82.75, 1.43913, 331

-170.402, -18.1043, 347
-148.312, 81.0652, 339
-114.125, 101.043, 332
-78.0804, 91.2522, 318
-26.8036, 68.6956, 316
-78.317, -1.43913, 331

-167.786, -18.1565, 348
-148.942, 79.1217, 337
-109.821, 99.8261, 328
-76.1875, 95.2, 322
-25.6339, 67.9609, 319
-84.4821, -4.33043, 332

-167.304, -16.5957, 347
-151.152, 77.3217, 342
-111.964, 97.5652, 330
-75.4777, 92.9261, 319
-27.1429, 68.1739, 320
-82.5, -1.43478, 330

-165.754, -18.1043, 347
-148.098, 77.3217, 342
-110.826, 97.8609, 331
-77.5893, 90.6783, 316
-28.3929, 69.1304, 318
-78.317, -1.43913, 331

-169.826, -18.2087, 349
-147.232, 79.8261, 340
-110.156, 101.561, 329
-78.75, 91.7609, 315
-26.8036, 68.6956, 316
-81.2723, -1.43913, 331

-167.304, -16.5957, 347
-147.665, 81.5435, 341
-108.687, 98.7, 329
-73.125, 91.7609, 315
-24.058, 68.913, 317
-78.317, -2.87826, 331

-170.893, -19.6696, 348
-146.143, 78.5783, 341
-107.696, 99.2174, 326
-74.7679, 94.8, 316
-23, 65.8, 322
-76.8393, -4.31739, 331

-163.732, -16.5478, 346
-145.714, 79.8261, 340
-108.027, 98.1, 327
-71.7187, 90.3913, 315
-25.1518, 63.9609, 313
-77.8437, 1.43043, 329

-163.732, -18.0522, 346
-143.571, 75.7391, 335
-106.241, 99.2174, 326
-72.6607, 91.1783, 313
-22.4286, 66.8957, 314
-77.8437, -2.86087, 329

-167.786, -19.6696, 348
-142.259, 78.1174, 339
-103.5, 99.4, 322
-73.125, 93.1304, 315
-20.9598, 69.4043, 313
-67.9821, 2.81739, 324

-164.799, -18, 345
-145.286, 82.5391, 339
-104.786, 103.47, 326
-72.8929, 92.8348, 314
-19.5, 67.8261, 312
-74.4509, -2.84348, 327

-166.232, -12.1043, 348
-141.839, 82.2956, 338
-103.013, 100.326, 325
-70.808, 94.6522, 311
-19.4375, 67.6087, 311
-78.0804, 2.86957, 330

-164.799, -15, 345
-139.5, 80.3478, 336
-103.013, 103.152, 325
-68.9732, 92.7, 309
-18.0491, 68.9609, 311
-72.3214, 4.22609, 324

-165.625, -10.6522, 350
-139.085, 81.5652, 335
-100.938, 102.517, 323
-67.8125, 94.3478, 310
-17.9911, 68.7391, 310
-70.875, -1.4087, 324

-163.844, -13.4217, 343
-135.281, 82.5261, 333
-100.625, 105, 322
-67.5937, 94.0435, 309
-17.875, 68.2957, 308
-72.5446, -7.06522, 325

-164.205, -10.5609, 347
-133.656, 82.9652, 329
-97.75, 103.6, 322
-67.375, 93.7391, 308
-16.5536, 67.1739, 309
-69.4286, -4.22609, 324

-161.839, -11.8957, 342
-135.946, 80.5913, 331
-103.179, 99.0913, 321
-64.625, 93.7391, 308
-19.125, 66.5217, 306
-71.0937, -9.8913, 325

-158.438, -14.6957, 338
-133.656, 81.5348, 329
-100, 98.7826, 320
-65.3571, 90.1739, 305
-16.3393, 67.6304, 305
-71.0937, -8.47826, 325

-160.42, -11.7913, 339
-132.437, 83.6261, 326
-101.112, 104.022, 319
-66.7187, 91.5, 305
-16.3393, 67.6304, 305
-70.875, -9.86087, 324

-158.438, -13.2261, 338
-132.844, 81.0391, 327
-96.1071, 101.739, 312
-65.5714, 93.1304, 306
-16.3393, 67.6304, 305
-70.6563, -7.02174, 323

-156.464, -11.7217, 337
-133.482, 83.3696, 325
-97.0312, 99.9783, 315
-67.8571, 91.2, 304
-16.3393, 67.6304, 305
-76.6607, -5.63478, 324

-162.411, -14.7826, 340
-133.482, 80.5435, 325
-95.3214, 101.026, 314
-63.5759, 90.9, 303
-14.8304, 68.2783, 302
-66.933, 1.38696, 319

-156.464, -11.7217, 337
-132.844, 81.0391, 327
-95.9286, 104.417, 316
-65.1429, 92.5217, 304
-14.9286, 67.4087, 304
-66.933, 1.38696, 319

-160.313, -8.92174, 342
-132.437, 82.2087, 326
-96.7232, 103.757, 314
-63.7857, 93.8435, 304
-16.2321, 67.187, 303
-68.3571, 4.16087, 319

-161.933, -13.2652, 339
-133.25, 81.287, 328
-97.3393, 103.043, 316
-65.3571, 96.8044, 305
-17.5848, 65.8696, 303
-67.1429, 6.95652, 320

-159.375, -10.3478, 340
-134.062, 87.5217, 330
-97.6473, 107.504, 317
-65.3571, 90.1739, 305
-17.5268, 66.9652, 302
-68.3571, -1.38696, 319

-160.42, -11.7913, 339
-133.071, 81.7043, 324
-95.625, 102.717, 315
-65.1429, 88.5565, 304
-17.5848, 65.8696, 303
-68.5714, -1.3913, 320

-158.906, -13.2652, 339
-132.844, 79.6174, 327
-98.4375, 97.2391, 315
-63.7857, 89.8783, 304
-17.5848, 65.8696, 303
-76.6607, 1.4087, 324

-161.933, -13.2652, 339
-133.656, 78.6739, 329
-95.9286, 100.296, 316
-62.8393, 91.8, 306
-16.1786, 61.713, 302
-73.9955, -5.65217, 325

-158.906, -13.2652, 339
-132.031, 80.5435, 325
-93.9196, 101.026, 314
-63.3661, 89.287, 302
-14.9286, 67.4087, 304
-71.2054, 5.54783, 319

-153.911, -13.2261, 338
-132.437, 80.7913, 326
-95.625, 101.348, 315
-63.5759, 90.9, 303
-16.2321, 65.8696, 303
-71.4286, -1.3913, 320

-156.799, -13.3435, 341
-130.982, 80.7913, 326
-93.6205, 99.3435, 313
-63.7857, 93.8435, 304
-14.9286, 67.4087, 304
-70.2187, 1.39565, 321

-159.946, -11.7565, 338
-130.982, 82.2087, 326
-96.4152, 100.704, 313
-62.6339, 90.1739, 305
-14.683, 63.7, 299
-70, 1.3913, 320

-161.933, -10.3174, 339
-129.129, 84.7826, 325
-93.6205, 100.704, 313
-59.125, 91.6087, 301
-12.1339, 66.9652, 302
-73.7679, -2.81739, 324

-153.455, -10.2565, 337
-128.732, 84.5217, 324
-92.8125, 101.348, 315
-62.4286, 89.8783, 304
-13.4821, 65.6522, 302
-72.3214, -5.63478, 324

-158.906, -10.3174, 339
-130.321, 84.1391, 328
-92.2232, 104.787, 313
-57.7812, 91.6087, 301
-13.4375, 65.4348, 301
-63.8839, 1.38261, 318

-156, -8.76522, 336
-128.732, 84.5217, 324
-92.5179, 101.026, 314
-59.3214, 91.913, 302
-13.3929, 65.2174, 300
-63.8839, -2.76522, 318

-159.473, -8.7913, 337
-127.679, 83.3696, 325
-92.4241, 103.448, 309
-59.5179, 93.5348, 303
-13.4375, 66.7435, 301
-68.3571, 1.38696, 319

-153.911, -11.7565, 338
-127.679, 84.7826, 325
-90.5714, 104.748, 317
-57.7812, 91.6087, 301
-12.1339, 65.6522, 302
-65.5089, 1.38696, 319

