-160.268, -34.3391, 359
-102, 67.2, 336
-57.6563, 80.8043, 315
-26.875, 69.3609, 301
16.7143, 32.5565, 288
-49.0625, -25.9391, 314

-153.728, -33.9565, 355
-104.116, 66.1304, 338
-57.6563, 80.8043, 315
-29.2679, 67.3739, 298
14.192, 28.9, 289
-52.0312, -27.3913, 315

-151.714, -33.8609, 354
-102.607, 66.1304, 338
-58.0223, 82.6956, 317
-28.3125, 66.9652, 302
16.7143, 31.3043, 288
-52.0312, -24.6522, 315

-151.286, -35.3, 353
-102.304, 64.4696, 337
-58.6875, 80.2913, 313
-29.5625, 66.7435, 301
15.3214, 28.6, 286
-50.9464, -24.8087, 317

-152.571, -38.6957, 356
-99.9018, 65.3478, 334
-57.8393, 79.687, 316
-28.125, 67.8261, 300
16.6562, 28.7, 287
-56.9643, -26.3522, 319

-157.063, -32.7783, 359
-102, 64.2783, 336
-56.0714, 80.5478, 314
-26.6964, 66.3, 299
16.5402, 27.2609, 285
-49.0625, -25.9391, 314

-152.143, -38.587, 355
-101.696, 64.087, 335
-57.4732, 79.1826, 314
-26.5179, 64.5652, 297
15.2679, 27.2609, 285
-55.192, -26.187, 317

-153.295, -38.4783, 354
-101.393, 60.9913, 334
-58.3125, 79.7783, 311
-29.3661, 66.3, 299
16.6562, 27.4522, 287
-50.1429, -27.1304, 312

-159.821, -35.8, 358
-103.192, 62.6304, 335
-58.5, 78.6783, 312
-27.9375, 66.0783, 298
14.0446, 28.6, 286
-56.25, -27.3913, 315

-152.429, -38.2609, 352
-102.884, 63.8957, 334
-58.3125, 78.4261, 311
-30.4955, 64.5652, 297
14.0446, 27.3565, 286
-53.4375, -27.3913, 315

-157.339, -38.6957, 356
-104.688, 64.087, 335
-61.0893, 78.4261, 311
-31.9286, 66.0783, 298
11.4911, 27.3565, 286
-59.625, -24.887, 318

-163.018, -43.5826, 358
-112.165, 58.2609, 335
-66.7232, 77.4261, 318
-40.7143, 64.7652, 304
2.54464, 32.2174, 285
-53.9464, -24.887, 318

-98.7455, 2.63478, 303
3.2001e+007, 3.2001e+007, 3.2001e+007
3.2001e+007, 3.2001e+007, 3.2001e+007
3.2001e+007, 3.2001e+007, 3.2001e+007
3.2001e+007, 3.2001e+007, 3.2001e+007
-59.0223, -50.113, 339

3.2001e+007, 3.2001e+007, 3.2001e+007
3.2001e+007, 3.2001e+007, 3.2001e+007
3.2001e+007, 3.2001e+007, 3.2001e+007
3.2001e+007, 3.2001e+007, 3.2001e+007
3.2001e+007, 3.2001e+007, 3.2001e+007
-55.9286, -43.8783, 348

-121.875, 3.04348, 350
3.2001e+007, 3.2001e+007, 3.2001e+007
3.2001e+007, 3.2001e+007, 3.2001e+007
3.2001e+007, 3.2001e+007, 3.2001e+007
3.2001e+007, 3.2001e+007, 3.2001e+007
-64.6429, -39.3478, 362

-165.076, -43.7043, 359
-125.839, 66.5739, 348
-74.7768, 87.3913, 335
-52.8571, 77.913, 320
-12.4554, 48.5217, 310
-66.1964, -21.9783, 337

-160.781, -46.2304, 343
-120.446, 66.3696, 355
-73.9375, 88.1739, 338
-47.4286, 80.8348, 332
-1.39732, 43.5478, 313
-61.6875, -14.3043, 329

-157.554, -45.1304, 346
-110.625, 67.7217, 354
-70.9152, 92.0869, 353
-40.6205, 80.587, 337
5.46429, 41.2435, 306
-66.1964, -21.9783, 337

-162.036, -48.5565, 349
-115.955, 67.1478, 351
-74.7768, 87.3913, 335
-38.933, 77.2391, 323
5.46429, 39.913, 306
-72.8571, -22.1739, 340

-167.187, -48.6956, 350
-117.857, 67.3391, 352
-74.1071, 86.6087, 332
-39.375, 76.6957, 315
4.05804, 39.5217, 303
-65.6071, -26.1391, 334

-166.71, -48.5565, 349
-120.83, 66.3826, 347
-75.6786, 87.8783, 326
-40.2634, 75.7217, 311
2.67857, 40.4348, 300
-66.6964, -27.4261, 332

-169.232, -50.3609, 351
-118.937, 66.1913, 346
-76.9018, 84.6044, 319
-45.0804, 73.1739, 306
2.65179, 40.0304, 297
-71.7857, -29.1304, 335

-161.719, -46.5, 345
-118.594, 66, 345
-75.2143, 85.9304, 324
-40.8482, 75.587, 305
2.64286, 41.1826, 296
-66.9464, -21.2609, 326

-167.991, -41.6739, 355
-121.179, 68.087, 348
-76.4241, 85.6652, 323
-39.4866, 72.9348, 305
-1.30357, 41.8957, 292
-66.9464, -21.2609, 326

-169.884, -40.5826, 359
-118.594, 73.5, 345
-75.9509, 87.9261, 321
-44.4911, 77.4696, 302
-1.30804, 42.0391, 293
-65.2902, -15.5435, 325

-170.679, -41.5565, 354
-118.937, 69.2, 346
-77.3839, 86.5304, 321
-45.0804, 75.8348, 306
-1.31696, 44.8913, 295
-61.8125, -18.2, 322

-168.464, -38.6957, 356
-122.027, 70.7043, 346
-77.8661, 85.6652, 323
-43.7143, 74.5043, 306
-2.625, 42.1826, 294
-68.8214, -19.9652, 328

-168.75, -42.6087, 350
-123.085, 69.8, 349
-76.1875, 86.8, 322
-44.7857, 75.3391, 304
-2.59821, 44.2826, 291
-65.8929, -19.9652, 328

-169.826, -40.9696, 349
-122.732, 69.6, 348
-77.8661, 88.4739, 323
-40.5804, 75.0913, 303
-2.60714, 41.8957, 292
-68.8214, -21.3913, 328

-166.232, -42.3652, 348
-122.379, 69.4, 347
-77.3839, 87.9261, 321
-43.2857, 76.4087, 303
-2.59821, 41.7522, 291
-65.8929, -22.8174, 328

-165.754, -42.2435, 347
-121.674, 67.5, 345
-78.1071, 84.5217, 324
-43.4286, 74.0174, 304
-2.59821, 41.7522, 291
-64.2321, -21.3261, 327

-161.719, -42, 345
-121.674, 67.5, 345
-76.6607, 85.9304, 324
-43.1429, 74.8435, 302
-2.58929, 41.6087, 290
-68.8214, -18.5391, 328

-167.304, -45.2609, 347
-120.616, 65.4261, 342
-75.9509, 86.5304, 321
-43.2857, 75.0913, 303
0, 41.3217, 288
-67.1518, -19.9043, 327

-163.732, -40.6174, 346
-118.594, 69, 345
-76.6607, 85.9304, 324
-40.5804, 73.7739, 303
2.57143, 41.3217, 288
-58.2143, -18.4261, 326

-162.313, -41.7565, 343
-119.089, 68.4, 342
-74.4509, 88.1478, 327
-37.75, 76.1565, 302
0, 40.0696, 288
-62.7723, -24.1696, 327

-158.786, -38.6609, 342
-116.714, 73.287, 344
-73.0848, 89.3217, 321
-37.5, 76.9565, 300
3.87054, 40.2087, 289
-67.9732, -21.587, 331

-158.321, -38.5478, 341
-117.219, 69.6826, 341
-73.0848, 87.9261, 321
-37.75, 74.8435, 302
6.54018, 43.313, 293
-59.3036, -16.9043, 324

-158.906, -38.3217, 339
-117.732, 75.4348, 347
-69.7813, 87.3783, 319
-35.2857, 75.3391, 304
6.49554, 44.2826, 291
-59.6696, -19.8435, 326

-162.786, -34.4, 344
-115.696, 72.6478, 341
-69.7813, 90.1522, 319
-34.9375, 75.9043, 301
7.82143, 43.1652, 292
-59.3036, -16.9043, 324

-159.375, -36.9565, 340
-116.375, 70.0913, 343
-70.6563, 89.8783, 323
-35.4018, 79.5652, 305
6.47321, 44.1304, 290
-56.4107, -15.4957, 324

-161.839, -38.6609, 342
-115.179, 73.287, 344
-70.2187, 90.7174, 321
-33.817, 77.7261, 303
6.45089, 45.2348, 289
-60.9375, -14.1304, 325

-164.321, -34.4, 344
-116.183, 76.9435, 347
-67.7723, 91.2826, 323
-33.817, 77.7261, 303
7.6875, 41.1783, 287
-52.0714, -14.087, 324

-157.857, -32.5217, 340
-119.281, 78.4522, 347
-71.875, 91, 322
-35.2857, 79.3043, 304
7.74107, 45.2348, 289
-57.1071, -17.113, 328

-156.929, -30.8609, 338
-121.321, 73.287, 344
-70.7589, 88.2087, 317
-35.2857, 75.3391, 304
3.84375, 41.1783, 287
-59.1071, -14.3913, 331

-157.5, -32.1391, 336
-120.969, 70.0913, 343
-72.5446, 86.1956, 325
-36.4018, 73.5304, 302
-1.26339, 40.6043, 283
-60.5848, -12.9522, 331

-155.071, -30.4957, 334
-118.045, 66.3261, 339
-71.2054, 85.9913, 319
-37.875, 72.4565, 303
-3.79018, 35.6826, 283
-62.4375, -8.68696, 333

-154.143, -30.313, 332
-119.558, 67.8, 339
-72.6295, 83.2174, 319
-37.625, 71.9783, 301
-6.27232, 34.2087, 281
-59.8214, -14.5652, 335

-159.067, -30.4043, 333
-115.607, 67.8435, 332
-72.1741, 82.6956, 317
-40.7143, 71.3739, 304
-12.6339, 33.2217, 283
-60, -14.6087, 336

-152.286, -28.5217, 328
-118.045, 61.9043, 339
-74.2857, 75.1304, 320
-38.8393, 66.5217, 300
-15.7857, 26.0174, 272
-64.5, -14.6087, 336

-153.214, -27.2609, 330
-115.326, 58.2913, 327
-75.4777, 74.8957, 319
-44.0491, 63.7, 299
-17.3125, 20.4739, 277
-62.8125, -11.6522, 335

-147.768, -24.4652, 331
-113.438, 55.9565, 330
-74.7321, 67.3913, 310
-48.6964, 56.6478, 303
-20, 18.2609, 280
-62.625, -8.71304, 334

-143.937, -24.3174, 329
-111.83, 53.7304, 334
-76.1786, 61.8261, 316
-46.875, 53.4783, 300
-21.1741, 15.7696, 279
-61.683, -16.1174, 337

-142.754, -23.8739, 323
-114.563, 51.4957, 329
-74.9732, 58.1435, 311
-47.1875, 49.8956, 302
-21.4018, 14.713, 282
-61.8661, -17.6348, 338

-139.871, -25.2783, 323
-115.955, 47.7783, 333
-76.3616, 55.4391, 311
-48.0536, 48.1, 299
-22.5804, 12.2174, 281
-66.5893, -13.2652, 339

-140.437, -22.3304, 321
-114.125, 47.6348, 332
-75.8705, 53.7391, 309
-45.5357, 45.6522, 300
-24.7321, 12.0435, 277
-55.9821, -12.913, 330

-138.138, -24.9652, 319
-112.473, 46.3435, 323
-78.375, 52.2261, 308
-49.7054, 45.8609, 293
-23.8348, 10.9957, 281
-63.5625, -14.7391, 339

-137.143, -23.6522, 320
-110.344, 43.2652, 321
-73.7679, 51.887, 306
-49.058, 43.9043, 297
-22.4196, 10.9174, 279
-61.683, -16.1174, 337

-135, -26.0217, 315
-108.911, 41.8696, 321
-78, 48.8348, 312
-46.7188, 41.6, 299
-22.3393, 10.8783, 278
-63.1875, -21.9783, 337

-135.54, -24.4957, 313
-109.152, 39.687, 326
-76.1161, 48.5217, 310
-44.1696, 41.7522, 291
-24.5536, 9.56522, 275
-64.5, -16.0696, 336

-132.188, -24.6522, 315
-108.232, 34.6739, 319
-76.5, 42.5739, 306
-50.317, 38.9522, 289
-24.375, 9.49565, 273
-57.6295, -15.8304, 331

-128.964, -25.9391, 314
-107.554, 34.4565, 317
-74.1518, 40.7043, 302
-49.0268, 36.4391, 289
-24.4643, 8.33913, 274
-60.9509, -17.3739, 333

-126.75, -25.7739, 312
-103.795, 31, 310
-74.25, 38.8348, 308
-48.6875, 36.187, 287
-28.5446, 6.04348, 278
-60.7679, -17.3217, 332

-125.714, -25.0435, 320
-105.518, 29.7478, 311
-74.3973, 36.887, 303
-49.3661, 32.8957, 291
-24.5536, 4.78261, 275
-62.625, -18.8783, 334

-121.049, -26.3522, 319
-103.795, 29.6522, 310
-73.0446, 36.887, 303
-51.6071, 27.6435, 289
-26.1563, 1.21304, 279
-60.7679, -20.2087, 332

-118.634, -25.5261, 309
-103.46, 28.213, 309
-73.9063, 35.3348, 301
-51.0714, 28.6, 286
-29.5714, -1.2, 276
-63.9241, -20.2696, 333

-118.013, -25.6913, 311
-103.125, 28.1217, 308
-73.4152, 33.8, 299
-51.9643, 25.3043, 291
-28.3393, -2.4, 276
-64.308, -23.3043, 335

-118.875, -23.4304, 317
-103.125, 26.7826, 308
-73.1696, 32.3913, 298
-52.5312, 23.7087, 287
-31.9196, -4.78261, 275
-63, -21.913, 336

-117.83, -24.887, 318
-104.161, 24.0261, 307
-72.6786, 32.1739, 296
-52.1652, 22.3043, 285
-30.5804, -5.95652, 274
-64.308, -20.3913, 335

-116.496, -21.3565, 307
-101.786, 26.4348, 304
-72.9241, 33.5739, 297
-54.7098, 21.0652, 285
-33.0268, -8.33913, 274
-62.4375, -17.3739, 333

-114.75, -23.9478, 306
-102.121, 22.5435, 305
-74.25, 29.7, 297
-53.942, 19.5478, 281
-35.7321, -10.8, 276
-64.5, -24.8348, 336

-114.58, -24.4957, 313
-101.786, 21.1478, 304
-72.9241, 28.4087, 297
-57.8571, 20.0348, 288
-36.9643, -12, 276
-65.6071, -15.9739, 334

-112.018, -25.2783, 306
-100.429, 18.5043, 304
-74, 27.0261, 296
-52.3125, 14.5565, 279
-36.6964, -13.1043, 274
-66.8973, -20.2696, 333

-112.018, -22.6174, 306
-101.451, 19.7609, 303
-71.6964, 26.6609, 292
-52.875, 13.487, 282
-37.0982, -15.6565, 277
-69, -18.9913, 336

-110.42, -23.3217, 298
-101.786, 20.8696, 300
-73.5, 25.5652, 294
-55.5893, 13.5348, 283
-44.6875, -14.9217, 286
-72.4286, -19.1043, 338

-110.188, -24.8652, 301
-100.112, 18.2, 299
-73.5, 24.287, 294
-58.1161, 13.5348, 283
-42.8036, -14.713, 282
-69.8705, -17.3739, 333

-108.723, -25.8261, 297
-104.156, 14.4913, 303
-75.067, 21.8043, 295
-61.2857, 11.1913, 286
-44.2187, -18.4565, 283
-73.5, -20.4522, 336

-108.723, -24.5348, 297
-100.781, 14.3957, 301
-81.4241, 22.1, 299
-58.9598, 8.55217, 281
-45.4821, -17.2261, 283
-69.6607, -17.3217, 332

-107.259, -25.4783, 293
-101.446, 14.3, 299
-78.75, 20.4522, 294
-59.3795, 7.38261, 283
-47.4062, -18.7174, 287
-72.2143, -24.9087, 337

-107.259, -25.4783, 293
-99.7768, 11.6609, 298
-80.8795, 18.0783, 297
-60.4286, 4.90435, 282
-47.0759, -19.8261, 285
-75.6696, -22.1087, 339

-107.397, -25.8261, 297
-102.781, 13, 299
-82.4821, 19.4348, 298
-62.9464, 4.90435, 282
-46.9107, -20.9913, 284
-75.4464, -22.0435, 338

-108.844, -23.5565, 301
-100.446, 11.7391, 300
-81.6518, 15.3913, 295
-61.6875, 3.67826, 282
-47.0759, -22.3043, 285
-71.7857, -21.8478, 335

-108.571, -25.113, 304
-102.781, 13, 299
-76.1205, 15.0783, 289
-60.2143, 4.88696, 281
-46.7455, -20.9174, 283
-75.2232, -23.4435, 337

-107.857, -23.6348, 302
-102.781, 9.1, 299
-76.1205, 16.3348, 289
-62.125, 3.70435, 284
-49.1964, -20.1739, 290
-73.5, -23.3739, 336

-107.143, -23.4783, 300
-100.112, 10.4, 299
-77.9464, 16.4478, 291
-60.8571, 2.46957, 284
-43.9062, -21.9913, 281
-77.7679, -27.6739, 335

-107.92, -22.6174, 306
-102.781, 10.4, 299
-77.9464, 13.9174, 291
-60.2188, -1.24783, 287
-50.4911, -21.4348, 290
-72.2143, -39.5609, 337

-106.674, -24.3696, 295
-102.125, 9.16087, 301
-75.3482, 15.1826, 291
-61.2857, 1.24348, 286
-45, -19.4783, 280
-74.375, -38.4348, 340

-106.509, -24.9478, 302
-101.786, 7.93043, 304
-79.5536, 10.3304, 297
-61.2857, -1.24348, 286
-46.4152, -18.3261, 281
-67.9018, -38.2087, 338

-105.509, -26.3478, 303
-101.786, 7.93043, 304
-77.7009, 10.2609, 295
-63.4375, -3.78261, 290
-48.6875, -19.9652, 287
-66.1964, -39.5609, 337

-105.875, -22.7652, 308
-103.143, 7.93043, 304
-79.808, 6.58696, 303
-64.3125, -5.11304, 294
-50.6652, -18.9783, 291
-61.683, -41.0261, 337

-104.844, -23.8696, 305
-104.5, 5.35652, 308
-84.1428, 5.28696, 304
-63.6563, -3.79565, 291
-48.5179, -19.8957, 286
-68.1027, -41.2696, 339

-104.116, -20.8, 299
-102.121, 5.30435, 305
-80.3571, 5.21739, 300
-65.8482, -5.13043, 295
-44.5179, -18.0652, 277
-68.1027, -38.3217, 339

-103.812, -23.6348, 302
-102.804, 6.58696, 303
-81.4286, 3.96522, 304
-61.058, -3.79565, 291
-48.0089, -15.9957, 283
-67.7009, -36.6304, 337

-103.125, -19.5652, 300
-105.531, 8.0087, 307
-83.6027, 4.00435, 307
-64.3125, -2.55652, 294
-49.6205, -14.8696, 285
-69.6161, -33.9, 339

-103.812, -21.0087, 302
-106.563, 5.3913, 310
-84.1428, 3.96522, 304
-66.7411, -5.2, 299
-53.2143, -19.4348, 298
-68.3036, -32.5217, 340

-104.746, -20.6609, 297
-104.161, 8.0087, 307
-83.3125, 6.54348, 301
-61.6875, -5.11304, 294
-46.7455, -15.9957, 283
-66.7857, -31.0435, 340

-104.464, -22.1739, 300
-106.219, 9.40435, 309
-81.9688, 6.54348, 301
-64.5312, -2.56522, 295
-51.4286, -15.0261, 288
-69.8214, -29.5652, 340

-107.759, -20.7304, 298
-105.509, 11.8565, 303
-83.0357, 7.82609, 300
-64.3125, -3.83478, 294
-46.9107, -17.287, 284
-71.3393, -29.5652, 340

-109.567, -22.3957, 303
-105.857, 14.5391, 304
-86.2857, 10.5043, 302
-63.2188, 3.76957, 289
-51.433, -14.6609, 281
-74.8125, -25.2783, 342

-108.844, -19.6304, 301
-108.929, 17.2391, 305
-86.2857, 14.4435, 302
-63.4375, 8.82609, 290
-44.6786, -7.25217, 278
-68.1027, -25.0565, 339

-112.875, -15.7043, 301
-105.857, 25.113, 304
-81.9286, 21.8783, 296
-62.1429, 13.8696, 290
-45.3214, -1.22609, 282
-66.7857, -20.6957, 340

-113.848, -20.2826, 311
-108.929, 25.1957, 305
-78.2143, 22.8522, 292
-60.4286, 17.5304, 288
-40.2857, 4.90435, 282
-61.8661, -17.6348, 338

-115.5, -18.7478, 308
-106.902, 28.0304, 307
-80.6071, 27.0261, 296
-61.7143, 20.0348, 288
-34.5, 7.2, 276
-61.8661, -17.6348, 338

-115.875, -17.4652, 309
-110.357, 30.9, 309
-79.5536, 28.4087, 297
-63.4375, 22.6957, 290
-33.8705, 10.9957, 281
-60.1786, -16.1174, 337

-117, -18.9913, 312
-110.714, 35.0435, 310
-79.0178, 33.3478, 295
-61.9286, 25.1304, 289
-33.3884, 10.8391, 277
-58.5, -13.1478, 336

-121.183, -18.5652, 305
-109.33, 33.6957, 310
-79.7902, 34.3957, 293
-63, 27.5478, 288
-29.25, 10.6826, 273
-59.8214, -16.0217, 335

-120.214, -18.6261, 306
-110.357, 36.2739, 309
-78.2277, 38.7391, 297
-56.9643, 35.3043, 290
-23.1562, 16.6174, 273
-61.8661, -14.6957, 338

-120.214, -17.2957, 306
-108.295, 40.5652, 311
-79.8214, 42.7565, 298
-53.0625, 38.1435, 283
-22.817, 19.8826, 269
-61.8661, -14.6957, 338

-120.013, -18.8087, 309
-108.295, 41.9174, 311
-80.3348, 43.6087, 295
-54.375, 44.1304, 290
-19.8839, 26.2, 262
-65.0759, -13.2652, 339

-121, -18.7478, 308
-110.384, 45.4826, 317
-78.2277, 46.487, 297
-52.5312, 46.1696, 287
-17.6786, 29.8435, 264
-63.1875, -11.7217, 337

-121, -17.4087, 308
-112.473, 49.1522, 323
-78.4821, 47.1348, 293
-52.5312, 49.913, 287
-17.4777, 31.7739, 261
-61.317, -13.1087, 335

-121.393, -17.4652, 309
-112.821, 49.3043, 324
-78.4821, 48.4087, 293
-52.1652, 50.8043, 285
-13.9821, 30.6391, 261
-60, -11.687, 336

-123.906, -17.2391, 305
-114.268, 50.713, 324
-77.4196, 54.6, 299
-52.5, 51.1304, 280
-14.1429, 33.287, 264
-61.5, -8.76522, 336

-123.348, -17.3522, 307
-113.929, 54.0913, 319
-75.8304, 58.3043, 298
-53.3661, 54.3913, 278
-14.0357, 34.1739, 262
-61.683, -7.32609, 337

-130.714, -17.2391, 305
-117.884, 58.113, 326
-78.7545, 59.8, 299
-53.942, 59.8652, 281
-11.875, 38.1652, 266
-63.375, -14.6957, 338

-126.911, -17.4652, 309
-117.161, 57.7565, 324
-77.9375, 65.4348, 301
-51.25, 67.3826, 287
-13.9821, 36.313, 261
-61.5, -17.5304, 336

-134.241, -18.8696, 310
-116.786, 61.1348, 327
-74.5, 67.3739, 298
-47.8393, 67.4348, 282
-10.6071, 36.7304, 264
-51.4062, -14.3043, 329

-136.567, -20.1522, 309
-115, 63, 322
-76.6429, 70.7826, 296
-47.4062, 69.8783, 287
-6.02679, 39.913, 270
-54.5089, -12.913, 330

-150.946, -20.6087, 316
-116.384, 67.4348, 330
-75.5, 76.1565, 302
-45.9643, 69.6348, 286
-6.11607, 42.887, 274
-59.6429, -17.4261, 334

-143.464, -21.7043, 312
-117.522, 70.6522, 325
-73.1116, 81.9522, 309
-45.1563, 75.3913, 289
0, 46.5913, 282
-57.4554, -10.0435, 330

-149.062, -22.1217, 318
-119.643, 78.6522, 335
-72.5625, 83.7565, 301
-40.0446, 79.3, 299
0, 48.3478, 278
-54.1786, -9.98261, 328

-150.482, -23.5043, 318
-119.911, 76.8696, 340
-73.5848, 90.5956, 311
-39.7768, 80.0609, 297
2.49107, 47.3087, 279
-56.1518, -11.513, 331

-150, -23.6522, 320
-118.214, 74.8348, 331
-72.6384, 86.7609, 307
-39.9107, 79.0348, 298
2.51786, 46.5913, 282
-54.5089, -11.4783, 330

-151.406, -25.2783, 323
-115.679, 75.5826, 328
-72.4286, 88.1739, 312
-38.7098, 76.7, 299
2.51786, 46.5913, 282
-53.0357, -11.4783, 330

-150.429, -25.3565, 324
-115.259, 71.9565, 331
-72.1964, 86.5391, 311
-40.0446, 78, 299
5.07143, 48.1565, 284
-51.0937, -9.95217, 327

-148.062, -25.2, 322
-118.147, 74.2826, 335
-72.6607, 88.4565, 313
-38.5804, 77.7391, 298
3.83036, 47.2522, 286
-51.25, -11.4087, 328

-145.638, -25.2783, 323
-118.929, 72.3913, 333
-72.6607, 88.4565, 313
-38.7098, 79.3, 299
3.81696, 48.3261, 285
-54.3437, -10.013, 329

-143.638, -25.4348, 325
-118.147, 72.8261, 335
-72.8929, 86.0087, 314
-42.5714, 77.7391, 298
3.85714, 47.5826, 288
-53.0357, -11.4783, 330

-151.357, -26.9304, 326
-115.5, 73.0435, 336
-71.7187, 87.6522, 315
-43.1429, 77.4696, 302
5.16071, 47.7478, 289
-46.8571, -11.4087, 328

-153.214, -25.8261, 330
-116.304, 74.0609, 334
-67.5, 87.6522, 315
-40.4464, 78.7826, 302
5.16071, 47.7478, 289
-53.0357, -11.4783, 330

-153.58, -24.687, 334
-115.156, 77.1957, 335
-70.3125, 91.7609, 315
-39.2277, 81.6783, 303
7.76786, 47.913, 290
-54.6741, -11.513, 331

-153.121, -26.0609, 333
-114, 75.9652, 336
-68.9062, 91.7609, 315
-40.0446, 81.9, 299
5.14286, 48.8348, 288
-56.4911, -13.0304, 333

-155.879, -22.1087, 339
-114.339, 76.1913, 337
-69.3438, 93.7217, 317
-35.5179, 81.1565, 306
7.74107, 50.2609, 289
-57.9777, -14.4783, 333

-157.393, -26.5304, 339
-114.679, 76.4174, 338
-66.933, 92.9261, 319
-35.5179, 81.1565, 306
7.71429, 48.8348, 288
-51.4062, -12.8739, 329

-156.339, -25.1304, 340
-115.018, 76.6435, 339
-69.7813, 91.5391, 319
-34.1518, 82.487, 306
7.71429, 51.3391, 288
-55.8125, -7.15217, 329

-153.304, -25.1304, 340
-115.357, 73.913, 340
-69.5625, 89.8696, 318
-35.2857, 81.9478, 304
6.42857, 50.087, 288
-54.5089, -8.6087, 330

-158.179, -23.9304, 344
-115.357, 76.8696, 340
-68.7857, 92.113, 321
-32.8929, 81.4217, 307
3.87054, 47.7478, 289
-58.5, -16.0696, 336

-156.46, -27.1565, 347
-116.375, 79.0391, 343
-69.7813, 91.5391, 319
-36.6429, 80.6261, 304
5.16071, 45.2348, 289
-60.7143, -17.7391, 340

-155.558, -28.5, 345
-116.875, 76.8696, 340
-69.3438, 93.7217, 317
-34.0402, 83.5435, 305
6.45089, 47.7478, 289
-50.0893, -10.0435, 330

-152.036, -25.4261, 344
-119.786, 79.2696, 344
-70.2187, 92.113, 321
-36.2813, 81.1391, 301
5.125, 47.4174, 287
-56.4911, -11.5826, 333

-156.187, -28.3348, 343
-121.321, 76.2783, 344
-74.2857, 94.6087, 320
-36.7634, 86.1957, 305
7.71429, 50.087, 288
-54.8393, -11.5478, 332

-159.558, -28.6652, 347
-117.906, 79.0391, 343
-72.5446, 96.087, 325
-36.2813, 81.1391, 301
7.71429, 46.3304, 288
-61.317, -13.1087, 335

-158.464, -30.2609, 348
-116.714, 76.2783, 344
-68.7857, 93.5087, 321
-32.5714, 81.9478, 304
6.49554, 48.0783, 291
-62.8125, -13.1087, 335

-164.531, -30.5217, 351
-119.438, 77.5478, 343
-69.4286, 98.6087, 324
-35.2857, 84.5913, 304
6.45089, 49.0043, 289
-59.8214, -16.0217, 335

-162.036, -31.8652, 349
-118.594, 76.5, 345
-71.75, 95.5478, 328
-33.9286, 81.9478, 304
5.23214, 48.4087, 293
-55.0045, -14.4783, 333

-159.558, -30.1739, 347
-116.714, 77.7739, 344
-70.0714, 95.2565, 327
-35.4018, 82.2174, 305
6.47321, 49.1739, 290
-55.4732, -8.53043, 327

-156.911, -27.2348, 348
-116.036, 75.8348, 342
-69.2411, 94.6957, 330
-34.375, 80.3478, 308
6.5625, 47.2957, 294
-56.1518, -10.0739, 331

-159.098, -30.087, 346
-116.036, 75.8348, 342
-68.192, 91.8478, 325
-34.375, 81.687, 308
5.25, 47.2957, 294
-60.9509, -13.0304, 333

-158.179, -29.913, 344
-120.83, 78.4522, 347
-73.4375, 94.4087, 329
-38.5, 80.3478, 308
2.58929, 47.913, 290
-61.317, -14.5652, 335

-160.643, -27.0783, 346
-122.027, 76.7217, 346
-75.5893, 93.8261, 332
-39.875, 80.3478, 308
-2.58929, 46.6522, 290
-58.3259, -13.1087, 335

-151.786, -26.6087, 340
-126.562, 77.6087, 350
-80.5179, 91.487, 334
-45.2277, 77.4174, 307
-6.42857, 43.8261, 288
-56.4911, -10.1348, 333

-153.455, -27.8391, 337
-126.295, 75, 345
-80.5357, 85.5652, 328
-44.1429, 75.2348, 309
-7.58036, 40.6043, 283
-55.0045, -8.68696, 333

-154.5, -27.7565, 336
-127.094, 73.0739, 343
-79.5536, 81.7043, 324
-46.5982, 74.7478, 307
-8.8125, 38.0087, 282
-56.1607, -14.7826, 340

-153.121, -27.5087, 333
-125.196, 68.4, 342
-83.2098, 79.6174, 327
-45.9911, 71.1391, 303
-14.5179, 32.9913, 271
-65.6518, -14.8696, 342

-145.688, -28.9565, 333
-123.67, 62.4522, 342
-82.9554, 75.1217, 326
-48.6964, 65.8696, 303
-21.8571, 22.4696, 272
-64.125, -10.4087, 342

-145.406, -28.6087, 329
-123.759, 58.087, 334
-83.1161, 68.387, 321
-50.3036, 58.5174, 313
-29.25, 16.6174, 273
-67.7679, -16.5, 345

-140.143, -27.013, 327
-119.692, 54.687, 331
-81.4286, 65.3913, 320
-49.3393, 53.3913, 307
-30, 13.3913, 280
-62.9643, -14.9565, 344

-136.384, -25.4348, 325
-118.214, 48.9304, 331
-82.3393, 62.2174, 318
-51.7411, 49.0652, 305
-33.0268, 10.7217, 274
-64.6875, -15, 345

-131.625, -25.3565, 324
-117.089, 44.7478, 332
-84.0223, 56.8652, 319
-51.5714, 46.2609, 304
-38.3036, 6.21739, 286
-58.6741, -10.2565, 337

-128.17, -22.1913, 319
-114.563, 45.7739, 329
-79.9018, 57.3391, 314
-53.0357, 43.9043, 297
-37.3661, 3.63913, 279
-62.4152, -10.3783, 341

-125.714, -22.2609, 320
-114, 45.287, 336
-81.3036, 53.2435, 314
-53.2143, 40.1652, 298
-37.7679, 2.45217, 282
-64.3125, -19.387, 343

-123.75, -21.913, 315
-111.496, 43.4348, 333
-78.8839, 48.5217, 310
-51.4018, 39.5217, 303
-37.7679, 2.45217, 282
-66.6116, -21.1217, 347

-122.473, -18.0304, 319
-111.777, 37.6826, 321
-81.5625, 46.5652, 315
-54.1786, 36.0348, 296
-42.5, -2.43478, 280
-67.7679, -16.5, 345

-117.46, -20.6739, 317
-110, 37.5652, 320
-78.5, 47.7826, 314
-53.2143, 34.9826, 298
-41.692, -2.46087, 283
-63.6964, -18.1565, 348

-116.25, -17.5217, 310
-110, 34.7826, 320
-80.0089, 45.6783, 309
-55.3125, 33.3478, 295
-41.9866, -3.71739, 285
-68.3571, -18.1565, 348

-116.045, -16.5391, 317
-107.893, 30.4174, 318
-79.75, 41.513, 308
-57.9464, 33.3478, 295
-43.2589, -4.95652, 285
-67.3795, -19.8391, 351

-112.152, -17.9739, 318
-106.906, 24.3391, 311
-83.7589, 37.3304, 318
-57.9464, 28.2174, 295
-42.9554, -4.92174, 283
-71.875, -19.7826, 350

-108.625, -15.113, 316
-105.518, 24.3391, 311
-78.375, 36.1565, 308
-56.0536, 29.2, 292
-42.9554, -6.15217, 283
-65.4375, -18.2087, 349

-107.594, -13.6087, 313
-107.594, 20.413, 313
-75.75, 34.2522, 303
-57.5536, 31.8478, 293
-41.5446, -4.90435, 282
-65.625, -21.3043, 350

-105.054, -15.2087, 318
-105.518, 18.9304, 311
-75.75, 34.2522, 303
-58.8616, 26.7522, 293
-41.8393, -7.4087, 284
-67.1875, -24.3478, 350

-103.732, -13.6522, 314
-108.991, 19.0522, 313
-78.6295, 30.9, 309
-58.3393, 23.2435, 297
-46.7679, -10.1217, 291
-65.4375, -24.2783, 349

-104.5, -13.3913, 308
-106.473, 12.4435, 318
-81.8214, 27.4783, 316
-58.1429, 23.1652, 296
-44.8437, -7.48696, 287
-64.6116, -24.5565, 353

-104.839, -14.7783, 309
-106.536, 16.3826, 314
-77, 30.8, 308
-58.1652, 21.0783, 303
-43.5625, -7.48696, 287
-64.4286, -26.0174, 352

-101.42, -10.6783, 307
-104.062, 12.3261, 315
-79.3929, 25.7739, 312
-63.6607, 16.1739, 310
-46.9286, -10.1565, 292
-67.5714, -21.4261, 352

-99.0625, -13.7826, 317
-104.062, 10.9565, 315
-77.25, 24.1826, 309
-60.4687, 18.3217, 301
-42.8705, -7.5913, 291
-66.1875, -23.0217, 353

-97.9553, -13.8261, 318
-100.607, 12.2478, 313
-80.5268, 22.987, 311
-60.6696, 14.4435, 302
-47.4107, -12.8261, 295
-65.8125, -27.4696, 351

-98.2589, -13.4783, 310
-101.353, 14.8739, 311
-76.75, 22.6913, 307
-58.9286, 15.6522, 300
-46.25, -11.5826, 296
-65.8125, -28.9957, 351

-96.1071, -10.8522, 312
-102.08, 14.7783, 309
-76.5, 22.6174, 306
-58.7321, 15.6, 299
-41.7143, -11.4261, 292
-62.6786, -22.8913, 351

-98.3571, -13.3043, 306
-104.799, 20.413, 313
-75.625, 28.1217, 308
-58.7321, 19.5, 299
-37.5446, -10.087, 290
-62.3214, -19.7261, 349

-96.6741, -10.6087, 305
-100.929, 21.8435, 314
-76.5, 29.2696, 306
-52.6786, 23.087, 295
-35.875, -7.48696, 287
-57.6473, -19.7261, 349

-102.79, -17.3522, 307
-103.795, 26.9565, 310
-76, 33.0435, 304
-55.3125, 25.6522, 295
-34.8348, 1.25652, 289
-54.5313, -16.6913, 349

-104.839, -14.7783, 309
-105.804, 35.7217, 316
-75.5, 36.7652, 302
-53.2143, 29.8, 298
-24.2589, 7.46087, 286
-56.4107, -16.787, 351

-106.902, -14.6826, 307
-102.411, 29.6522, 310
-71.9286, 37.0087, 304
-48.7277, 33.3478, 295
-20.7143, 15.1304, 290
-54.5313, -13.6565, 349

-110.92, -15.8087, 303
-104.062, 35.6087, 315
-73.5268, 45.087, 305
-48.5357, 40.7043, 302
-18.3125, 24.2043, 293
-58.1429, -10.713, 352

-110.357, -16.1217, 309
-104.286, 41.7391, 320
-74.7321, 48.5217, 310
-48.6964, 44.7913, 303
-14.9286, 30.4, 304
-55, -13.7739, 352

-113.754, -16.0174, 307
-104.464, 45.2174, 325
-76.1161, 51.2174, 310
-53.9732, 48.5217, 310
-17.4687, 34.0261, 301
-56.5714, -12.2435, 352

-125.357, -20.3478, 312
-119.286, 46.4696, 334
-88.3929, 55.9565, 330
-64.0357, 55.2783, 326
-19.375, 37.7391, 310
-61.9821, -10.8348, 356

-135.857, -24.8087, 317
-128.071, 51.0261, 326
-102, 61.3565, 336
-70.6429, 62.8174, 344
-27.7366, 45.4956, 327
-70.125, -12.4174, 357

-135, -28.7609, 315
-138.125, 54.6957, 340
-100.5, 67.2, 336
-69.0313, 64.3696, 329
-24.8929, 51.3391, 328
-70.5179, -12.487, 359

-140.25, -33.4783, 308
-135.348, 56.6957, 326
-101.96, 70.5174, 331
-73.2813, 67, 335
-22.5, 55.513, 336
-70.9107, -4.7087, 361

-142.071, -31.2, 312
-136.594, 57.2174, 329
-102.884, 71.1565, 334
-72.1786, 74.7826, 344
-24.5, 59.6522, 343
-70.7143, -9.39131, 360

-151.406, -39.3217, 323
-138.254, 60.8087, 333
-107.5, 83.7565, 344
-74.1429, 82.7391, 346
-23.4375, 65.4348, 350
-71.3036, -9.46957, 363

-144.804, -40.0956, 318
-141, 62.8174, 336
-105.625, 83.7652, 338
-71.5491, 83.0261, 341
-23.4375, 63.913, 350
-69.683, -4.73478, 363

-147.143, -40.3478, 320
-145.5, 62.8174, 336
-111.781, 85.0043, 343
-76.7857, 83.7565, 344
-27.0937, 65.1913, 357
-75.1607, -6.36522, 366

-148.446, -43.9391, 326
-147.665, 60.787, 341
-114.388, 88.513, 351
-75.6429, 87.4826, 353
-28.8482, 68.6783, 359
-84.5, -11.0783, 364

-151.406, -40.7261, 323
-145.196, 66.1913, 346
-112.187, 88.9696, 359
-75.1607, 89.113, 366
-26.2857, 65.6, 368
-79.7143, -12.9391, 372

-142.036, -38.5043, 328
-145.804, 66.3696, 355
-111.268, 93.8087, 372
-70.6875, 91.7913, 377
-22.1696, 69.7565, 382
-73.6607, -8.15217, 375

-145.688, -33.3, 333
-152.174, 81.5957, 383
-111.429, 105.13, 390
-68.5714, 96.8348, 384
-15.8304, 75.3739, 394
-75.1339, -3.25217, 374

-144.634, -30.4957, 334
-142.821, 80.8696, 372
-103.929, 109.652, 388
-57.2232, 99.987, 377
-8.57143, 73.4609, 384
-72.1786, 1.63478, 376

-140.161, -27.5913, 334
-132.884, 86.8044, 363
-91.3661, 110.404, 379
-48.5491, 101.087, 375
-1.61607, 70.8261, 362
-68.2723, 8.1087, 373

-131.911, -23.0957, 332
-120.58, 93.6304, 365
-78.0536, 114.835, 372
-30.4509, 104.578, 359
14.1027, 67.1478, 351
-57.6562, 8.02174, 369

-129.594, -15.2565, 319
-113.79, 98.3348, 359
-61.25, 113.339, 343
-18.375, 104.391, 343
25.3482, 63.8957, 334
-44.5982, 8.04348, 370

-124.286, -12.5217, 320
-96.6295, 95.5565, 333
-53.5179, 111.483, 333
-10.0938, 99.7087, 323
29.3438, 59.8783, 313
-34.0312, 11.0478, 363

-114.125, -5.35652, 308
-96.6295, 99.9, 333
-49.942, 110.543, 339
-11.9643, 99.0435, 335
26.5491, 58.5174, 313
-35.7321, 21.1826, 348

-115.357, -2.64348, 304
-93.4286, 95.2565, 327
-47.5848, 103.922, 323
-10.1562, 93.2609, 325
23.4509, 53.7391, 309
-37.3929, 16.6913, 349

-114.027, 2.58261, 297
-93.4286, 90.9913, 327
-52.0312, 98.4522, 333
-12.817, 88.7652, 319
17.2946, 46.6435, 298
-38.8393, 15.1304, 348

-109.679, 5.14783, 296
-93.4018, 85.4522, 317
-53.8482, 94.9652, 326
-16.9821, 86.8304, 317
10.3571, 42.8696, 290
-42.75, 19.3304, 342

-109.875, 5.09565, 293
-92.2768, 84.3391, 318
-53.7768, 92.3435, 317
-17.5848, 81.6783, 303
7.60714, 39.513, 284
-45.8036, 13.3826, 342

-105.973, 3.73043, 286
-88.3929, 76.9565, 300
-53.2768, 87.8087, 306
-17.0045, 77.7087, 293
3.58929, 34.9565, 268
-48.2857, 13.2261, 338

-103.598, 3.6913, 283
-82.2857, 75.1304, 288
-51.25, 84.8522, 287
-16.4821, 74.087, 284
4.83929, 32.9913, 271
-44.7321, 11.6174, 334

-99.6429, 3.63913, 279
-81.9107, 70.1043, 278
-50.3571, 80.9217, 282
-17.8125, 64.7652, 266
2.34821, 28.587, 263
-40.75, 14.1739, 326

-97.6339, 2.34783, 270
-80.6696, 64.0609, 278
-50.3571, 76.0174, 282
-19, 60.1391, 266
-3.61607, 24.6522, 270
-48.0268, 7.08696, 326

-96.7857, 2.35652, 271
-80.9598, 59.4391, 279
-52.125, 71.313, 278
-20.8929, 53.1304, 260
-3.48214, 20.3478, 260
-43.7946, 5.68696, 327

-95.4107, -4.76522, 274
-80.3795, 54.1957, 277
-50.8839, 64.0609, 278
-25.5357, 46.3478, 260
-9.5, 12.7217, 266
-49.4821, -2.83478, 326

-95.7143, -3.49565, 268
-81.9643, 55.1739, 270
-53.2321, 62.4478, 271
-25.8304, 45.7391, 263
-9.53571, 11.6087, 267
-56.7589, 1.41739, 326

-97.1429, -7.09565, 272
-88.317, 49.487, 271
-58.1875, 56.6696, 266
-33, 42.4696, 264
-16.5625, 5.76087, 265
-59.4866, -5.65217, 325

-103.009, -10.8783, 278
-99.1027, 41.5391, 281
-67.75, 48.3087, 271
-47.6786, 31.3435, 267
-33.3884, -4.81739, 277
-67.9732, -1.43913, 331

-114.714, -13.9652, 292
-106.5, 33.3391, 284
-85.1518, 41.4652, 289
-59.9375, 26.2087, 274
-48.75, -12.1739, 280
-79.7366, -5.86087, 337

-123.723, -12.9565, 298
-113.634, 31.087, 286
-92.8929, 35.1826, 289
-66.7768, 18.0652, 277
-55.1964, -19.5478, 281
-79.5, -7.30435, 336

-130.344, -18.3217, 301
-118.696, 25.1304, 289
-107.143, 30, 300
-84.1518, 15.1304, 290
-72.0804, -26, 299
-90.8705, -15, 345

-141.129, -17.6913, 313
-129, 23.5565, 301
-108.937, 23.0087, 294
-95.7232, 9.1913, 302
-76.0848, -28.6, 299
-94.0179, -16.787, 351

-160.313, -20.8174, 342
-141.518, 22.0522, 317
-119.036, 22.3957, 303
-98.7768, 9.1, 299
-84.1428, -33.0435, 304
-105.585, -19.9522, 353

-174.33, -24.6956, 355
-150.429, 22.5391, 324
-126.629, 19.8913, 305
-111.737, 10.7478, 309
-97.6473, -34.4565, 317
-114.688, -23.9348, 367

-185.25, -22.1565, 364
-158.112, 23.0261, 331
-149.384, 20.5739, 338
-128.857, 11.4087, 328
-112.835, -30.7696, 337
-118.862, -16.3043, 375

-196, -23.8609, 392
-167.946, 28.2522, 342
-152.853, 22.1087, 339
-135, 10.2261, 336
-118.393, -26.6087, 340
-108.286, -36.2522, 379

-195.129, -24.4087, 401
-184, 32, 368
-162.036, 25.7957, 349
-147.388, 16.9783, 355
-123.437, -24.3478, 350
-117.25, -35.7913, 392

-198.75, -25.5652, 420
-191.5, 46.6261, 383
-165, 27.5478, 352
-141.991, 25.2783, 342
-114.634, -13.5783, 347
-130.5, -33.5391, 406

-207.321, -29.913, 430
-190.5, 43.0696, 381
-162.321, 34.4348, 360
-140.156, 34.5, 345
-110.196, 3.15652, 363
-134.036, -27.1957, 417

-229.531, -35.6087, 455
-196.232, 49.9304, 396
-168.634, 42.2783, 374
-136.321, 43.7522, 347
-104.571, 14.3217, 366
-129.688, -23.4565, 415

-229.929, -44.3826, 464
-195.446, 46.7217, 398
-171.339, 51.2174, 380
-133.616, 50.7826, 365
-88.3929, 31.3043, 360
-134.71, -24.0217, 425

-223, -48.4783, 446
-201.83, 51.8217, 411
-170.616, 66.8087, 394
-130.286, 66.7826, 384
-82.0402, 49.3, 391
-125.326, -10.9304, 419

-229.929, -48.2609, 444
-200.969, 55.6652, 413
-169.625, 80.8043, 413
-134.268, 82.4, 412
-75.1875, 55.7913, 401
-130.536, -14.9565, 430

-223.326, -39.7174, 435
-205.848, 68.087, 435
-165.455, 96.313, 426
-125.924, 95.1826, 421
-69.5402, 65.8957, 421
-126.518, -5.68696, 436

-212.379, -34.7783, 421
-196.589, 72.0348, 436
-153.911, 105.696, 442
-113.839, 99.7826, 425
-59.5714, 68.8956, 417
-126.518, -5.68696, 436

-208.214, -31.3391, 424
-182.143, 75.7609, 425
-143.973, 108.435, 430
-102, 99.3391, 408
-49.375, 68.6957, 395
-113.786, 5.63478, 432

-200.643, -27.6522, 424
-169.813, 78.1478, 418
-130.906, 107.739, 413
-87.9464, 97.6435, 394
-41.7857, 66.1304, 390
-107, -1.86087, 428

-192.214, -25.2, 414
-162.402, 86.4391, 423
-123.554, 109.713, 407
-84.875, 96.1565, 388
-31.9643, 57.5913, 358
-105.5, -5.50435, 422

-191.518, -20.5174, 429
-150.067, 86.2826, 405
-115.143, 108.635, 403
-76.3929, 93.8087, 372
-29.433, 54.313, 347
-92.8929, 8.86957, 408

-182.571, -18.5217, 426
-147.473, 88.2522, 398
-107.143, 102.717, 375
-70.2321, 86.2435, 342
-28.6607, 46.0565, 321
-86.1875, -3.42609, 394

-187.054, -20.0391, 419
-139.75, 79.1304, 364
-101.696, 87.2174, 340
-69.0313, 78.6739, 329
-30.3482, 41.6478, 309
-85.9375, 3.34783, 385

-183.393, -22.3261, 395
-144.871, 69.7348, 373
-100.473, 82.0696, 363
-68.8214, 69.8783, 328
-27.1429, 39.6522, 304
-79.1027, 1.63913, 377

-171.562, -17.5043, 366
-134.33, 64.6435, 354
-95.2143, 73.287, 344
-63.4464, 64.6, 323
-23.8661, 38.7391, 297
-78.2634, 1.62174, 373

-148.531, -16.4043, 343
-127.027, 57.3304, 347
-89.8661, 64.5652, 330
-60.4018, 60.2609, 330
-24.1071, 33.913, 300
-82.6875, -4.93043, 378

-123.567, -16.2261, 311
-116.786, 52.6043, 327
-84.4107, 65.2, 326
-56.2366, 57.5783, 323
-19.375, 31, 310
-68.625, 1.5913, 366

-120.67, -17.9739, 318
-113.094, 50.0652, 329
-80.75, 60.387, 323
-51.2679, 54.0913, 319
-17.875, 29.4609, 308
-70.2589, -3.18261, 366

-102.781, -18.2, 299
-99.1071, 44.3478, 300
-75.0045, 57.887, 317
-48.4196, 52.7043, 319
-16.7143, 27.1304, 312
-64.4643, -7.84783, 361

-88.125, -13.487, 282
-91.4866, 43.9043, 297
-69.4196, 54.087, 311
-44.5714, 50.1913, 312
-13.6607, 26.6087, 306
-57.375, -6.2087, 357

-89.2768, -18.4435, 303
-85.6027, 38.4783, 295
-62.2232, 52.6957, 303
-37.0045, 46.7174, 307
-10.9286, 23.9478, 306
-53.5804, -6.13913, 353

-71.7589, -18.3913, 282
-72.2411, 27.9, 279
-53.4464, 41.8957, 292
-28.3839, 36.4391, 289
-7.12054, 18.0304, 319
-55, -16.8348, 352

-62.5, -18.2609, 280
-71.25, 21.913, 280
-52.8571, 36.0348, 296
-25.625, 26.2043, 287
-2.66071, 9.06956, 298
-42.308, -15.2609, 351

-57.2946, -24.2609, 279
-62.1562, 9.49565, 273
-39.1429, 16.6783, 274
-19.9286, 9.70435, 279
2.625, -3.83478, 294
-40.2768, -22.6304, 347

-52.4063, -36.7957, 273
-58.4062, -9.28696, 267
-35.625, -1.15652, 266
-19.7857, -8.43043, 277
0, -20.9174, 283
-38.6161, -40.6174, 346

-61.8304, -49.3783, 277
-61.2455, -24.5609, 269
-41.4062, -17.2826, 265
-24.1071, -22.3043, 270
-6.27232, -35.4304, 281
-43.6295, -51.2826, 337

-70.75, -57.8304, 283
-70.6875, -32.0478, 273
-49.125, -28.4783, 262
-29.4643, -35.5826, 264
-12.2768, -45.4348, 275
-48.4687, -57.2174, 329

-75.067, -61.9565, 285
-80.3795, -38.5391, 277
-58.0714, -35.3478, 271
-36.4286, -39.0261, 272
-20.0714, -50.0913, 281
-55.4732, -58.2913, 327

-85.5446, -69.6348, 286
-93.9821, -46.9696, 277
-73.4866, -46.0957, 279
-54.2143, -50.4, 276
-30.5804, -60.7565, 274
-75.6786, -69.4522, 326

3.2001e+007, 3.2001e+007, 3.2001e+007
-111.723, -55.6696, 291
-93.4152, -57.013, 279
-76.125, -66.4696, 294
-50.6652, -77.1783, 291
-68.3036, -65.0435, 340

3.2001e+007, 3.2001e+007, 3.2001e+007
3.2001e+007, 3.2001e+007, 3.2001e+007
-112.875, -57.5217, 294
-93.1875, -70.3043, 294
-64.0714, -81.9, 299
-68, -40.2087, 272

3.2001e+007, 3.2001e+007, 3.2001e+007
3.2001e+007, 3.2001e+007, 3.2001e+007
-126.893, -70.2174, 323
-98.0536, -69.1087, 289
-76.1205, -81.6739, 289
-91.1339, -58.6696, 346

3.2001e+007, 3.2001e+007, 3.2001e+007
3.2001e+007, 3.2001e+007, 3.2001e+007
-133.286, -62.2, 311
-119.25, -74.6609, 318
-93.8571, -83.7913, 292
-106.183, -57.1087, 355

3.2001e+007, 3.2001e+007, 3.2001e+007
-161.933, -37.6826, 321
-137.071, -51.5478, 304
-124.554, -63.913, 300
-100.634, -75.3913, 289
-105, -45.287, 336

-185.884, -68.0956, 382
-176.638, -14.2174, 327
-146.696, -31, 310
-132.147, -46.8, 299
-88.4062, -58.6478, 287
-93.1473, -30.7043, 321

-188.804, -69.1652, 388
-178.804, 9.83043, 323
-163.446, 2.81739, 324
-136.125, -9.37391, 308
-76.8482, -38.0783, 302
-114.429, -32.5043, 356

-190.594, -71.1261, 399
-184.634, 20.6348, 339
-146.955, 24.9478, 302
-124.446, 13.1739, 303
-61.0714, -16.1087, 285
-108.737, -29.1609, 353

-201.83, -75.0522, 411
-191.786, 28.0174, 358
-142.527, 42.187, 313
-109.125, 26.5696, 291
-54.75, -3.8087, 292
-106.183, -29.3261, 355

-206.321, -86.6435, 424
-183.281, 30, 345
-145.187, 50.4, 322
-108.978, 38.9609, 309
-52.4196, 9.40435, 309
-114.063, -26.9783, 365

-214.567, -92.2478, 433
-188.5, 39.5652, 364
-146.973, 64.6435, 354
-108.817, 56.5217, 325
-52.7143, 25.6696, 328
-118.437, -21.4217, 379

-209.661, -89.9826, 398
-193.259, 41.8261, 370
-143.75, 70, 350
-112.107, 62.8174, 344
-52.3661, 33, 345
-114.857, -18.3652, 384

-208.406, -90.2087, 399
-198.156, 43.787, 373
-152.571, 71.2, 356
-110.621, 65.2478, 349
-54.7946, 42.3783, 361
-123.429, -18.3652, 384

-204.728, -88.9826, 379
-201.487, 48.6522, 373
-153.616, 82.0435, 370
-115.692, 77.7609, 365
-54.3616, 48.1304, 369
-121.562, -23.6783, 389

-193.893, -78.9391, 356
-198.661, 51.0783, 356
-159.25, 79.1304, 364
-110.5, 80.713, 364
-50.5714, 47.713, 354
-122.665, -20.1913, 387

-181.911, -58.087, 334
-192.804, 41.5565, 354
-155.46, 63.9957, 359
-105.946, 77.387, 349
-59.7009, 35.1565, 311
-117.978, -13.3217, 383

-168.455, -46.0522, 331
-180.201, 42, 345
-148.687, 62.0609, 366
-104.598, 69.4565, 355
-67.5937, 28.213, 309
-123.429, -16.6957, 384

-162.536, -42.7826, 328
-175.071, 40.3826, 344
-146.143, 59.687, 352
-105.964, 65.8087, 344
-73.2857, 15.8609, 304
-114.75, -14.7913, 378

-152.723, -28.3957, 311
-169.473, 38.6609, 342
-143.433, 58.0739, 361
-102.214, 51.1565, 318
-81.3036, 5.46087, 314
-125.866, -18.2217, 381

-148.558, -20.2826, 311
-165.857, 38.887, 344
-140.156, 52.5, 345
-104.723, 41.3478, 317
-89.1429, -4.06957, 312
-122.464, -14.9087, 381

-144.33, -13.2609, 305
-164.321, 34.4, 344
-133.5, 52.5913, 336
-100.286, 35.2696, 312
-92.8571, -11.1304, 320
-123.187, -26.2957, 378

-146.25, -10.8522, 312
-159.714, 32.9043, 344
-125.929, 45.6348, 328
-107.554, 31.7, 317
-93.1473, -19.5391, 321
-116.563, -9.73043, 373

-148.571, -9.73913, 320
-150.362, 27.013, 327
-128.616, 40.7826, 335
-106.045, 22.3304, 321
-91.7143, -22.3304, 321
-114.446, -13.113, 377

-146.54, -2.82609, 325
-151.339, 26.5304, 339
-122.473, 34.6739, 319
-102.004, 17.6913, 313
-94.5982, -26.9304, 326
-113.839, -13.0435, 375

-145.714, -2.78261, 320
-147.616, 27.5913, 334
-122.089, 26.2696, 318
-105.134, 13.6522, 314
-94.5982, -25.513, 326
-113.357, -11.2, 368

-145.536, -1.41739, 326
-142.312, 21, 322
-121.049, 22.1913, 319
-112.504, 6.93478, 319
-98.1071, -29.9478, 328
-114.589, -16.1739, 372

-143.638, 2.82609, 325
3.2001e+007, 3.2001e+007, 3.2001e+007
-131.116, 24.3913, 330
-113.571, 5.53043, 318
-102.576, -33.3, 333
-112.741, -11.1391, 366

-145.848, 1.43478, 330
-142.187, 22.6087, 325
-123.897, 20.8043, 319
-117.089, -1.37391, 316
-108.848, -36.3043, 334
-113.049, -9.57391, 367

-148.446, 1.41739, 326
-142.469, 21.4565, 329
-121.705, 20.6739, 317
-119.531, 2.73913, 315
-116.875, -36.9565, 340
-115.312, -9.62609, 369

-153.58, 1.45217, 334
-146.563, 20.3913, 335
-130.58, 22.6087, 325
-133.103, -2.91304, 335
-117.906, -32.8087, 343
-113.665, -8.02174, 369

-161.196, 1.53913, 354
3.2001e+007, 3.2001e+007, 3.2001e+007
-141, 33.6, 336
-135.763, 8.53043, 327
-136.906, -30.7696, 337
-106.071, -7.82609, 360

-169.554, 9.17391, 422
3.2001e+007, 3.2001e+007, 3.2001e+007
-139.344, 44.7391, 343
-152.92, 21.0609, 346
-157.143, -22.9565, 352
-101.714, -6.1913, 356

-169.656, 14.8522, 427
3.2001e+007, 3.2001e+007, 3.2001e+007
-147.054, 63.6522, 366
-146.455, 44.0043, 349
-154.875, 1.53913, 354
-91.6607, -7.69565, 354

-179.987, 13.787, 453
-149.393, 60.487, 376
-145.893, 82.6087, 380
-142.54, 67.0174, 367
-125.612, 20.6348, 339
-97.7188, 6.45217, 371

-187.688, 10.0435, 462
-158.853, 81.8, 409
-134.75, 93.7391, 392
-118.696, 83.3, 391
-104.348, 44.2565, 377
-106.937, -5.29565, 406

-207.723, 2.15217, 495
-163.513, 86.0304, 421
-132.107, 101.857, 411
-109.714, 91.8261, 384
-80.8259, 49.3913, 355
-110.089, 17.8696, 411

-218.875, -10.3478, 476
-173.25, 93.9522, 441
-128.438, 105.43, 411
-101.759, 92.2696, 393
-66.625, 56.9739, 364
-115.42, 14.5043, 417

-212.946, -17.6087, 450
-180.187, 86.8, 434
-133.616, 105.174, 410
-100.513, 97.8913, 395
-58.2813, 64.8696, 373
-110.893, 7.2, 414

-221.786, -24, 460
-192.5, 84.1739, 440
-141.723, 110.048, 429
-102.536, 99.8609, 396
-60.5893, 67.2043, 377
-113.558, 12.6913, 417

-219.018, -21.3304, 446
-191.286, 85.0087, 416
-142.5, 113.217, 420
-101.531, 104.087, 399
-52.7679, 78.8, 394
-111.964, 9.08696, 418

-209.679, -23.287, 412
-191.652, 89.8043, 405
-151.299, 121.239, 429
-112.732, 120.957, 428
-49.75, 89.9826, 398
-109.009, 20.1348, 421

-193.5, -23.5565, 387
-193.821, 94.3826, 402
-151.554, 122.4, 414
-104.33, 117.652, 410
-44.0848, 96.1739, 395
-107.196, 21.6, 414

-172.746, -23.1522, 355
-178.174, 92.4391, 373
-136.152, 120.7, 391
-98, 119.304, 392
-34.6875, 91.6957, 370
-93.933, 17.2609, 397

-157.143, -29.2174, 320
-170.054, 88.2261, 356
-128.143, 120, 368
-87.5446, 114.217, 370
-24.1429, 82.2956, 338
-94.5312, 10.0435, 385

-155.228, -29.1261, 319
-163.446, 84.013, 339
-123.79, 115.983, 351
-78.5491, 112.5, 345
-20.375, 75.1217, 326
-86.8214, 11.3826, 374

-149.964, -26.6826, 323
-154.219, 82.9652, 329
-117.906, 113.339, 343
-72, 106.643, 336
-21.0268, 60.0696, 314
-83.1027, 7.93478, 365

-142.031, -23.2826, 315
-148.446, 82.2087, 326
-112.5, 109.565, 336
-63.4464, 98.3043, 323
-20.4241, 55.6957, 305
-75.5357, 10.9565, 360

-132.509, -21.287, 306
-137.812, 80.8043, 315
-109.821, 106.957, 328
-59.8125, 91.5391, 319
-19.5536, 49.513, 292
-71.1161, 10.7739, 354

-117.875, -11.2304, 287
-122.946, 77.1652, 306
-87.2143, 95.2348, 296
-53.7991, 84.6391, 309
-20.7187, 34.4217, 273
-66, 15.3043, 352

-114.429, -3.75652, 288
-112.018, 78.4957, 306
-82.5, 92.4, 308
-47.7321, 76.187, 297
-21.8571, 27.2, 272
-64.0625, 12.1739, 350

-110.188, 1.24783, 287
-110.036, 79.687, 316
-72.8036, 86.6609, 302
-43.2589, 66.913, 285
-20.4152, 18.713, 269
-56.6562, 8.94783, 343

-106.125, -2.46087, 283
-102.804, 72.4565, 303
-63.5223, 73.9957, 279
-38.5714, 54, 270
-20.5714, 11.1304, 256
-57.1696, 1.46522, 337

-104.862, -4.92174, 283
-98.1161, 65.8565, 297
-60.7902, 63.8478, 267
-39.4643, 41.8261, 260
-27.6429, -2.24348, 258
-54.3437, 11.4435, 329

-105.112, -2.4087, 277
-95, 54.7826, 280
-61.5179, 54.1522, 265
-42.4509, 35.7565, 257
-33.5312, -9.0087, 259
-52.3929, 7.08696, 326

-105.375, -7.33043, 281
-93.5, 48.487, 272
-61.7545, 51.0652, 261
-47.3214, 32.2609, 265
-38.0089, -11.2174, 258
-54.7946, 1.40435, 323

-107.009, -8.58261, 282
-100.527, 43.513, 278
-68.6161, 44.9348, 265
-53.3929, 22.6087, 260
-47.1429, -20.6609, 264
-57.5, -8.4, 322

-110.853, -12.1304, 279
-103.75, 37.7391, 280
-83.4509, 38.8174, 279
-59.5982, 16.2522, 267
-53.4286, -27.2, 272
-64.8884, -8.42609, 323

-115.375, -12.3478, 284
-109.527, 31.8783, 282
-88.0714, 33.3565, 274
-70.6875, 8.3087, 273
-59.7857, -30.3261, 279
-69.6429, -9.8913, 325

-125.571, -11.4652, 293
-115.107, 24.2043, 293
-100.031, 27.8348, 291
-81.8304, 3.67826, 282
-67.0893, -31.413, 289
-75.9107, -14.2174, 327

-128.143, -13, 299
-120.134, 19.5, 299
-97.9687, 19.8261, 285
-84.3482, -3.67826, 282
-83.058, -37.1304, 305
-83.25, -13.0304, 333

-126.161, 13.6522, 314
-101.219, 13.7261, 287
-90, -3.75652, 288
-82.5134, -34.2522, 303
-130.929, -10.8522, 312
-78.6295, -16.1217, 309

-145.25, -11.5478, 332
-131.839, 9.76957, 321
-121.049, 9.7087, 319
-105.469, -6.84783, 315
-104.598, -25.8261, 330
-81.9196, -25.5304, 367

-171.429, -23.3739, 384
-151.996, 18.313, 351
-131.384, 15.6391, 327
-107.937, 8.1913, 314
-84.1518, 9.8913, 325
-95.7054, -24.1652, 397

-183.054, -34.9565, 402
-157.589, 21.487, 353
-135.402, 20.513, 337
-110.152, 23.513, 338
-60.7679, 46.1913, 332
-99.5, -17.3043, 398

-189.759, -45.3304, 401
-164.821, 24.6956, 355
-133.996, 40.5, 345
-104.429, 49.3565, 344
-54.6429, 54.7826, 360
-105.884, -10.487, 402

-193.21, -53.287, 383
-173.719, 40.3565, 357
-142.214, 62.9565, 362
-109.286, 67.3044, 360
-64.6339, 59.6348, 381
-115.429, -10.5391, 404

-203.339, -58.7391, 386
-189.536, 52.513, 366
-152.371, 74.9957, 367
-113.438, 71.0217, 363
-73.2143, 62.6087, 400
-118.103, -14.1565, 407

-197.625, -63.0783, 372
-198.75, 53.2304, 371
-163.625, 87.8087, 374
-124.545, 81.9565, 377
-79.75, 65.313, 406
-122.643, -17.5652, 404

-188.036, -57.9913, 351
-186.696, 59.1304, 340
-158.813, 93.1174, 363
-122.786, 93.0087, 382
-74.625, 70.9478, 398
-108.777, -8.54348, 393

-175.179, -52.6043, 327
-186.147, 67.8, 339
-156.326, 98.8826, 361
-111.888, 96.6913, 353
-62.9375, 74.2, 371
-112.554, -6.64348, 382

-166.071, -41.7826, 310
-187.5, 73.0435, 336
-146.143, 99.3348, 341
-106.25, 98.913, 350
-50.5714, 78.4957, 354
-107.076, 3.2087, 369

-149.397, -36.6913, 291
-162.594, 70.6696, 301
-135.688, 101.652, 334
-91.2277, 97.587, 335
-37.7232, 72.0087, 338
-95.3571, -4.64348, 356

-137.009, -33.9652, 279
-148.107, 73.3652, 286
-118.071, 99.1304, 304
-78.1071, 98.6087, 324
-21.6964, 70.4348, 324
-83.7277, -4.44783, 341

-127.371, -27.7, 277
-130.179, 68.087, 270
-103.781, 97.3304, 287
-62.8393, 94.4609, 306
-10.7857, 66.9652, 302
-74.9062, 1.43043, 329

-115.187, -28.913, 266
-117.857, 65.4261, 264
-99.4107, 98.0913, 293
-55.6875, 91.6826, 297
-4.00446, 61.1, 299
-76.6071, -5.73913, 330

-113.143, -24.1043, 264
-115.621, 65.0087, 267
-92.5536, 95.2174, 292
-53.0357, 89.1, 297
-5.17857, 54.2174, 290
-66.3304, -4.21304, 323

-105.268, -22.7826, 262
-104.464, 63.3043, 260
-83.8616, 86.7, 289
-40.808, 79.487, 277
0, 46.5913, 282
-63.6429, 1.4087, 324

-104.089, -18.6435, 268
-96.3393, 57.6522, 260
-75.3304, 78.3391, 286
-39.2857, 71.7391, 275
-4.69643, 32.0174, 263
-52.692, -1.38696, 319

-98.625, -18.2957, 263
-94.0178, 53.1304, 260
-67.25, 69.0043, 269
-34.567, 62.6869, 267
-3.33482, 22.7348, 249
-55.8884, -6.97826, 321

-94.6429, -17.2826, 265
-88.8661, 49.1217, 269
-59.6518, 62.6522, 262
-33.4821, 48.913, 250
-5.51339, 15.0348, 247
-45.2857, -6.8913, 317

-90.5178, -13.1043, 274
-81.1429, 41.1826, 256
-54.2143, 53.9, 253
-29.5313, 39.413, 245
-8.78572, 4.27826, 246
-38.0893, -9.61739, 316

-86.1429, -13.9826, 268
-79.2188, 40.3565, 273
-54.0179, 53.8043, 275
-25.9777, 36.3, 253
-8.85714, -5.3913, 248
-36.3304, -10.887, 313

-82.5714, -13.0087, 272
-75.7054, 37.4696, 278
-46.9643, 46.8826, 263
-22.0536, 32.2174, 247
-8.85714, -7.54783, 248
-40.9107, -6.86957, 316

-81.6562, -16.6174, 273
-72.8571, 30.7478, 272
-48.9375, 43.1217, 261
-22.7679, 25.5, 255
-10.125, -12.0522, 252
-35.0446, -10.9217, 314

-83.4375, -18.5739, 267
-71.25, 21.9739, 266
-46.25, 36.0348, 259
-23.7187, 19.8, 253
-15.875, -18.7739, 254
-38.2098, -15.1609, 317

-81.0268, -17.9348, 275
-76.3929, 14.4, 276
-51.6607, 26.3, 263
-32.25, 10.0957, 258
-22.6786, -25.4, 254
-37.8482, -19.113, 314

-80.6696, -21.7565, 278
-73.3929, 11.913, 274
-56.0625, 20.1783, 273
-40.625, 1.13043, 260
-30.1786, -36.1739, 260
-40, -26.4348, 320

-82.5, -21.913, 280
-77.3393, 7.4087, 284
-55.6473, 13.2478, 277
-45.0938, -6.75652, 259
-35.7589, -38.3087, 267
-36.9107, -24.887, 318

-84.5625, -14.9739, 287
-78.4286, 3.75652, 288
-63, 5.0087, 288
-54.0179, -10.7609, 275
-42.3438, -36.5261, 271
-32.5491, -19.2957, 317

-94.1384, -16.787, 297
-82.5134, 5.26957, 303
-67.3214, -2.52174, 290
-57.9107, -13.2, 276
-53.2634, -39.2217, 291
-43.3705, -20.3913, 335

-112.406, -19.9043, 327
-97.2098, 14.1304, 325
-70.875, 6.3913, 294
-63.4375, -8.82609, 290
-55.6696, -31.5217, 290
-35.375, -24.6087, 283

-129.018, -28.087, 340
-110.478, 26.5304, 339
-84.1071, 10.9217, 314
-72.1964, -2.70435, 311
-53.0357, -15.4957, 297
-53.4777, -34.7217, 363

-137.103, -32.2304, 353
-115.179, 37.3913, 344
-86.3259, 19.2957, 317
-69.6696, 3.9913, 306
-42.4286, -5.16522, 297
-68.2723, -25.9478, 373

-140.987, -41.0348, 363
-124.781, 42.613, 363
-99.1429, 28.6652, 347
-77.4107, 16.2609, 340
-27.1429, 18.5043, 304
-67.6786, -23.0696, 379

-157.219, -52.1609, 387
-139.692, 45.8957, 377
-103.125, 45.6522, 350
-72.2857, 35.2, 352
-22.0312, 31.4696, 329
-71.625, -19.9304, 382

-171.049, -56.6739, 395
-142.875, 53.0087, 381
-113.536, 61.7913, 374
-75.3259, 54.6304, 359
-20.6875, 31.6609, 331
-76.0179, -20.1913, 387

-175.902, -57.1043, 398
-150.116, 56.1, 391
-114.558, 78.2652, 383
-79.4063, 69.4435, 363
-29.7723, 39.6783, 351
-93.0893, -17.4348, 401

-184.299, -34.4478, 417
-150.089, 76.6522, 410
-106.839, 93.9826, 386
-75.1161, 82.4957, 358
-31.5, 42.3652, 336
-96.4286, -12.1739, 400

-186.375, -14.8174, 426
-139.942, 92.5435, 387
-96.1295, 102.83, 353
-70.7589, 77.1826, 317
-46.4062, 28.4087, 297
-98, 3.4087, 392

-179.455, -6.92174, 398
-131.25, 94.3478, 350
-92.7232, 95.6957, 310
-73.5357, 69.1478, 284
-54.0089, 14.8652, 263
-94.6607, 11.3217, 372

-183.937, -3.28696, 378
-137.223, 85.3043, 327
-97.375, 82.3565, 287
-79.5357, 55.8174, 262
-68.5714, 5.56522, 256
-89.5536, 23.6522, 340

-193.393, 3.30435, 380
-134.313, 77.4174, 307
-102.866, 73.3043, 281
-86.7188, 46.1696, 259
-82.6071, 1.11739, 257
-91.3393, 22.2391, 341

-180.5, 6.27826, 361
-132.589, 70.4348, 300
-112.125, 71.5, 299
-93.4598, 46.087, 265
-87.5446, -3.45652, 265
-94.5714, 15.8304, 331

-184.375, 4.56522, 350
-135.696, 57.0087, 298
-110, 56, 280
-97.875, 35.1783, 261
-100.415, -8.24783, 271
-91.3393, 12.913, 330

-182.219, 5.96522, 343
-139.326, 52.3956, 309
-109.138, 48.8696, 281
-100.589, 33.0348, 262
-105, -9.73913, 280
-99.8839, 10.3174, 339

-183.75, 8.94783, 343
-135.696, 46.6435, 298
-112.937, 43.513, 278
-102.143, 23.7391, 260
-104.732, -13.2, 276
-92.567, 6.93478, 319

-176.375, 5.77391, 332
-136.607, 41.2435, 306
-112.098, 41.2435, 279
-106.071, 18.7826, 270
-112.107, -19.0435, 292
-94.308, 5.65217, 325

-170.96, 5.7913, 333
-127.152, 38.2043, 303
-105.58, 34.6739, 275
-105.964, 13.2, 276
-108.147, -19.8261, 285
-80.3348, 2.65217, 305

-163.527, 2.86957, 330
-118.219, 31.6304, 291
-106.125, 30.7609, 283
-104.491, 8.58261, 282
-101.429, -23.4609, 284
-72.6964, -3.6, 276

-159.107, 1.43478, 330
-112.491, 24.2043, 293
-102.696, 23.4609, 284
-105.804, 5.21739, 300
-98.1027, -25.4783, 293
-85.9643, 1.44348, 332

-151.339, -1.47391, 339
-125.603, 21.587, 331
-101.679, 19.0435, 292
-102.094, 1.2913, 297
-107.143, -36.1739, 320
-80.7589, -30.587, 335

-137.009, -7.41304, 341
3.2001e+007, 3.2001e+007, 3.2001e+007
-121.165, 15.6391, 327
-99.75, -2.55652, 294
-103.634, -37.3304, 318
-73.6607, -30.1304, 330

-129.955, -13.8913, 355
3.2001e+007, 3.2001e+007, 3.2001e+007
-103.812, 11.8174, 302
-98.7768, -2.6, 299
-101.353, -35.1565, 311
-59.6652, -19.3696, 297

-128.375, -15.8261, 364
-115.018, 20.6348, 339
-98.8929, 14.9217, 312
-91.3393, 4.04348, 310
-90.3303, -27.5739, 302
-69.3393, -35.3, 353

-133.071, -19.2, 368
-116.616, 26.0913, 353
-102.576, 20.2696, 333
-90, 10.9565, 315
-81.125, -12.0522, 308
-73.9063, -28.4565, 385

-153.571, -26.087, 400
-132.96, 37.7, 377
-108.125, 39.113, 346
-88.7634, 36.6304, 337
-62.9643, 14.2609, 328
-74.0982, -18.4609, 386

-171, -34.6957, 399
-144.232, 53.1043, 394
-111.107, 65.2435, 366
-83.5223, 58.3217, 353
-44.4643, 37.5304, 332
-82.8795, -13.7391, 395

-182.549, -50.0565, 397
-162.335, 59.5, 391
-125.536, 80.9565, 380
-88.6384, 72.2, 361
-45.442, 54.9391, 351
-93.5536, -10.513, 403

-176.152, -50.3652, 362
-179.821, 59.4783, 380
-140.571, 90.1565, 384
-105.179, 87.5652, 380
-49.8214, 69.5478, 372
-102.804, -7.02609, 404

-175.42, -50.7913, 354
-184.634, 60.4696, 366
-147.009, 90.087, 370
-111.866, 91.0609, 374
-55.8348, 70.8565, 379
-104.04, -1.71739, 395

-163.036, -47.6348, 332
-178.112, 66.7174, 341
-149.5, 98.1217, 364
-108.286, 100.517, 379
-49.5848, 81.5957, 383
-98.2232, -6.71304, 386

-150.469, -43.8261, 315
-166.339, 61.9826, 324
-135.929, 97.7826, 346
-90.5357, 94.0522, 338
-38.0357, 81.8043, 355
-87.308, 6.41739, 369

-140.156, -39, 299
-154.741, 58.0696, 318
-128.232, 88.5826, 334
-82.5, 87.5217, 330
-28.6696, 77.887, 338
-91.6072, 3.13043, 360

-113.304, -24.5217, 282
-124.688, 42.1304, 285
-112.5, 76.6957, 315
-72.4286, 75.9652, 312
-23.9464, 59.6, 298
-82.1786, -4.61739, 354

-102.134, -19.4087, 279
-120.438, 43.6739, 287
-97.7857, 65.6348, 296
-61.6071, 65.2174, 300
-24.5134, 43.9783, 289
-69.8705, 2.89565, 333

-95.2188, -16.8609, 277
-108.147, 35.9348, 285
-90.9375, 63.2609, 291
-52.6875, 57.4217, 281
-24.1741, 28.5, 285
-68.6116, 1.42174, 327

-88.0714, -13.1043, 274
-101.036, 40.8, 276
-82.9911, 58.4435, 286
-51.25, 52.4087, 287
-24.4643, 15.487, 274
-62.3884, -1.41304, 325

-81.9375, -12.7217, 266
-91.8393, 31.4261, 278
-75.067, 54.5217, 285
-45.9196, 43.513, 278
-21.8571, 7.09565, 272
-57.3214, 1.39565, 321

-79.8482, -9.42609, 271
-92.1696, 33.9652, 279
-65.9286, 45.687, 284
-46.2857, 31.3043, 288
-22.0179, 1.1913, 274
-59.8125, -8.32174, 319

-81.058, -14.1391, 271
-89.0625, 30.9783, 285
-66.7232, 38.0087, 282
-44.3571, 21.6, 276
-30.75, -11.2304, 287
-60.375, -12.6, 322

-94.0848, -19.5478, 281
-96.7946, 26.7522, 293
-70.0357, 36.0348, 296
-51.25, 14.9739, 287
-39.9241, -12.9609, 271
-70.5, -12.8739, 329

-106.862, -27.6652, 303
-104.464, 28.487, 312
-76.8527, 21.7739, 313
-59.9107, 10.6087, 305
-43.9375, -3.46957, 266
-58.8482, -24.9826, 338

-119.152, -28.6696, 314
-111.719, 31.087, 325
-78, 23.0609, 312
-67.8125, 12.1304, 310
-44.2679, 2.33043, 268
-60.5357, -17.687, 339

-148.714, -37.7174, 347
-122.857, 37.3913, 344
-107.768, 21.6087, 355
-76.8527, 19.0522, 313
3.2001e+007, 3.2001e+007, 3.2001e+007
-72.4911, -24.5565, 353

-170.759, -42.3913, 375
-138.214, 50.087, 360
-102.295, 43.1217, 342
-74.9821, 37.9174, 323
-33.2589, 32.3913, 298
-79.6875, -23.2826, 357

-172.58, -42.8435, 379
-144.482, 50.1391, 372
-110.893, 62.6087, 360
-80.683, 59.3043, 341
-36.4955, 44.0739, 327
-89.1964, -19.3043, 370

-174.554, -34, 391
-150.071, 56.4696, 382
-118.902, 78.8783, 386
-79.6875, 69.8478, 357
-36.1071, 46.887, 337
-89.6786, -19.4087, 372

-182.089, -28.6609, 412
-148.5, 70.5913, 396
-109.397, 91.7913, 377
-77.5714, 81.8435, 362
-35.5536, 53.513, 362
-92.5, -11.2609, 370

-183.964, -21.0783, 404
-158.531, 72.8609, 399
-114.857, 95.1652, 384
-77.3571, 83.187, 361
-37.0714, 51.1478, 346
-88.7143, -4.8, 368

-193.071, -24.8348, 408
-148.58, 74.0348, 387
-114.589, 97.0435, 372
-74.2768, 86.1913, 354
-32.3437, 54, 345
-91.25, -4.76087, 365

-187.107, -21.0261, 403
-152.036, 74.0348, 387
-110.969, 93.5565, 371
-78.3125, 87.1652, 358
-30.5357, 53.5304, 342
-95.6116, -7.8913, 363

-188.339, -24.2261, 398
-153.366, 73.8435, 386
-111.107, 95.4783, 366
-75.4286, 81.113, 352
-30.3571, 48.7826, 340
-93.4732, -15.6957, 361

-187.728, -30.7565, 393
-151.875, 72.313, 378
-110.5, 94.9565, 364
-75, 85.2174, 350
-28.5848, 48.3522, 337
-90.5893, -13.9304, 356

-194.643, -26.087, 400
-151.531, 74.6, 373
-111.201, 94.1739, 361
-74.1429, 81.2348, 346
-29.8214, 49.3739, 334
-86.6741, -15.3478, 353

-192.5, -28.9739, 392
-152.786, 76.0174, 372
-109.353, 95.6957, 355
-73.0714, 83.0261, 341
-28.0759, 48.9304, 331
-89.317, -13.7348, 351

-183.906, -25.1087, 385
-147.455, 74.9957, 367
-108.429, 94.887, 352
-71.1295, 84.013, 339
-27.8214, 48.487, 328
-90.625, -7.6087, 350

-182.951, -24.9783, 383
-148.281, 74.587, 365
-107.464, 93.887, 354
-69.4107, 83.7652, 338
-26.1964, 49.6087, 326
-90.3661, -13.6565, 349

-184.179, -24.913, 382
-151.554, 73.8, 369
-106.554, 96.1435, 351
-70.0804, 84.2261, 334
-28.9286, 50.713, 324
-87, -15.1304, 348

-186.107, -20.1391, 386
-146.656, 76.9087, 361
-107.196, 93.8087, 348
-72.8438, 83.9739, 333
-25.9554, 50.5565, 323
-93.75, -12.1739, 350

-185.143, -21.7043, 384
-147.469, 78.913, 363
-104.089, 98.3478, 348
-71.1429, 83.7217, 332
-27.1429, 52.8696, 320
-86.25, -7.5, 345

-184.661, -21.6478, 383
-145.844, 79.6044, 359
-106.888, 99.5739, 347
-71.5714, 88.5826, 334
-25.875, 53.2, 322
-89.5893, -4.51304, 346

-183.429, -21.7043, 384
-147.469, 83.6478, 363
-104.429, 97.2174, 344
-68.3839, 86.8696, 333
-24.2098, 51.3174, 319
-84.7098, -3, 345

-184.179, -21.5913, 382
-144.241, 81.1652, 359
-104.429, 98.713, 344
-65.8929, 85.5652, 328
-25.5536, 52.5391, 318
-84.7098, -1.5, 345

-193.259, -22.0435, 390
-147.062, 83.4174, 362
-107.187, 98.4261, 343
-69.2411, 87.5217, 330
-25.4732, 52.3739, 317
-86, -1.49565, 344

-181.996, -18.2217, 381
-150.321, 87.5217, 366
-106.58, 99.287, 346
-70.2857, 86.9913, 328
-24.1339, 52.5391, 318
-82.4464, -7.43478, 342

-182.732, -23.0696, 379
-146.25, 82.9565, 360
-106.58, 99.287, 346
-68.8214, 85.5652, 328
-25.3929, 52.2087, 316
-84.7098, -3, 345

-184.661, -18.3174, 383
-146.656, 81.6174, 361
-106.272, 99, 345
-69.8571, 86.4609, 326
-25.3929, 52.2087, 316
-86.25, -6, 345

-181.996, -19.8783, 381
-146.25, 81.3913, 360
-106.272, 102, 345
-68.192, 90.4348, 325
-25.2321, 53.2435, 314
-93.75, -10.6522, 350

-179.821, -18.1739, 380
-142.241, 80.9391, 358
-104.429, 100.209, 344
-69.6429, 87.6087, 325
-23.8304, 53.2435, 314
-88.2991, -4.52609, 347

-184.661, -19.9826, 383
-145.844, 82.7261, 359
-104.125, 99.9174, 343
-68.192, 87.6087, 325
-26.6339, 54.6087, 314
-91.3973, -4.52609, 347

-180.768, -21.5913, 382
-146.25, 81.3913, 360
-104.125, 99.9174, 343
-65.9196, 89.3217, 321
-23.8304, 55.9739, 314
-82.9286, -1.49565, 344

-180.768, -16.6087, 382
-143, 85.4609, 364
-101.062, 99.9174, 343
-69.2143, 88.4739, 323
-20.9598, 55.7956, 313
-83.4107, -3.0087, 346

-177.821, -16.6522, 383
-143.433, 86.3261, 361
-101.357, 98.713, 344
-67.9821, 87.3391, 324
-23.8304, 54.6087, 314
-90.8839, -9.15652, 351

-179.821, -16.5217, 380
-142.214, 84.9913, 362
-102.594, 99.9174, 343
-65.3036, 88.4869, 318
-23.7545, 53.0739, 313
-81.3929, -4.48696, 344

-179.348, -18.1261, 379
-142.638, 82.7261, 359
-98, 99.9174, 343
-63.0536, 90.7174, 321
-18.2232, 55.9739, 314
-80.9196, 1.48696, 342

-173.353, -16.3913, 377
-141.821, 84.7565, 361
-98, 101.409, 343
-65.3036, 91.2522, 318
-19.5625, 51.713, 313
-91.4018, -10.7435, 353

-177.656, -16.4783, 379
-141.049, 84.8913, 355
-98.3705, 100.226, 339
-62.4643, 89.8696, 318
-17.9911, 56.6087, 310
-79.625, -2.98261, 343

-174.571, -14.713, 376
-141.036, 85.8478, 359
-94.3839, 99.3348, 341
-59.8125, 87.3783, 319
-14.9777, 55.6957, 305
-75.8929, -1.47826, 340

-176.25, -16.3478, 376
-141.036, 87.4087, 359
-96.5714, 101.4, 338
-54.3214, 88.1739, 312
-17.933, 55.0826, 309
-77.8661, 1.48696, 342

-170.304, -16.2609, 374
-138.268, 83.5826, 356
-96.2857, 101.1, 337
-61.0446, 85.7217, 318
-16.3929, 50.5565, 306
-82.9286, -2.9913, 344

-174.571, -17.9826, 376
-136.679, 83.5826, 356
-93.5536, 102.87, 338
-60, 89.0435, 320
-17.7589, 55.8783, 306
-75.4464, 5.87826, 338

-172.433, -19.5652, 375
-137.103, 81.3435, 353
-95.7143, 100.5, 335
-59.8125, 87.3783, 319
-16.3393, 54.3696, 305
-79.8571, -1.49565, 344

-168.937, -16.1304, 371
-137.893, 80.8826, 351
-93.2768, 99.6348, 337
-60.8527, 88.2087, 317
-15.0268, 54.5478, 306
-75.8929, -1.47826, 340

-174.844, -17.8391, 373
-139.071, 78.4957, 354
-95.4286, 98.7478, 334
-60.8527, 88.2087, 317
-13.6161, 54.3696, 305
-79.3929, -4.46087, 342

-176.25, -21.2522, 376
-139.857, 86.6783, 356
-97.2098, 99.0435, 335
-60.4687, 89.0217, 315
-13.5268, 52.6957, 303
-75.6696, -4.42174, 339

-174.844, -17.8391, 373
-137.103, 85.9478, 353
-92.1696, 101.348, 333
-58.0223, 89.587, 317
-13.5714, 54.1913, 304
-75.4464, -4.4087, 338

-168.937, -17.7435, 371
-137.893, 82.4087, 351
-95.7143, 101.957, 335
-60.4687, 89.0217, 315
-14.8304, 53.8348, 302
-80.2098, -2.94783, 339

-175.563, -19.3565, 371
-137.5, 80.6522, 350
-94.8571, 99.6, 332
-60.2768, 87.3739, 314
-16.1786, 53.8348, 302
-75.4464, -1.46957, 338

-168.937, -19.3565, 371
-136.714, 81.113, 352
-94.8571, 96.713, 332
-61.4821, 87.0956, 313
-14.8304, 53.8348, 302
-75.2232, -2.93043, 337

-175.781, -19.5652, 375
-133.991, 81.9391, 349
-95.1429, 99.9, 333
-59.0625, 87.6522, 315
-14.8795, 55.3304, 303
-75, 7.30435, 336

-175.313, -17.887, 374
-136.714, 84.1739, 352
-95.4286, 100.2, 334
-60.4687, 86.2826, 315
-18.75, 50.8696, 300
-77.4107, -4.43478, 340

-168.183, -19.4609, 373
-135.161, 84.7304, 348
-95.7143, 99.0435, 335
-60.4687, 86.2826, 315
-13.4821, 53.8348, 302
-80.4464, -1.47826, 340

-173.643, -21.1391, 374
-133.607, 80.1913, 348
-91.6161, 99.3, 331
-61.0446, 88.4869, 318
-14.7812, 53.6565, 301
-78.6964, -1.47391, 339

-170.304, -17.887, 374
-135.937, 80.6522, 350
-91.8928, 98.1565, 332
-58.5714, 87.6522, 320
-14.7812, 53.6565, 301
-75.8929, 7.3913, 340

-168.183, -17.8391, 373
-135.089, 83.5826, 356
-91.5, 102.261, 336
-60.6607, 86.5565, 316
-14.8304, 53.8348, 302
-81.6295, -4.5, 345

-169.987, -19.6696, 377
-130.875, 80.4217, 349
-93.2768, 96.7043, 337
-58.0223, 88.2087, 317
-13.5268, 52.6957, 303
-79.625, 7.45652, 343

