-143.063, -16.6174, 294
-97.625, 82.7304, 284
-56.2679, 98.8783, 274
-26.2232, 91.7087, 267
24.9375, 58.9826, 266
-44.375, -7.4087, 284

-136.759, -16.3348, 289
-95.0893, 81.4957, 284
-56.8839, 98.7565, 277
-24.75, 91.8261, 264
25.0312, 60.3652, 267
-40, 1.21739, 280

-139.482, -17.7739, 292
-93.75, 82.7826, 280
-57.4911, 98.8783, 274
-27.1071, 90.6783, 264
24.9375, 58.9826, 266
-40.1429, -3.66522, 281

-136.759, -17.5913, 289
-94.0848, 83.0783, 281
-55.0446, 98.8783, 274
-26.2232, 91.7087, 267
25.0312, 58.0435, 267
-36.25, -3.65217, 280

-139.004, -20.2435, 291
-95.0893, 82.7304, 284
-55.2455, 100.435, 275
-24.9375, 90.2087, 266
24.75, 58.5391, 264
-43.1071, -3.70435, 284

-137.705, -16.4478, 291
-94.4196, 84.6, 282
-54.8437, 100.891, 273
-22.4777, 91.0217, 265
23.6607, 58.7609, 265
-43.1071, -3.70435, 284

-136.759, -17.5913, 289
-92.8304, 83.0783, 281
-53.8214, 98.8783, 274
-22.5625, 91.3652, 266
24.6563, 59.4609, 263
-41.25, 1.21739, 280

-140.304, -16.4478, 291
-92.8304, 83.0783, 281
-55.0446, 97.6869, 274
-23.75, 91.3652, 266
24.6563, 59.4609, 263
-43.9062, 4.88696, 281

-136.759, -16.3348, 289
-92.8304, 81.8565, 281
-55.4464, 99.6, 276
-22.4777, 92.1739, 265
24.6563, 59.4609, 263
-36.25, -2.43478, 280

-135, -15.0261, 288
-95.4241, 83.0217, 285
-52.5982, 100.07, 274
-23.75, 91.3652, 266
24.6563, 59.4609, 263
-42.1339, -1.24348, 286

-136.759, -15.0783, 289
-97.375, 82.3565, 287
-55.6473, 98.7565, 277
-23.75, 90.2087, 266
24.8437, 61.0652, 265
-43.1071, -2.46957, 284

-138.527, -16.3913, 290
-95.7589, 82.0696, 286
-56.4732, 100.435, 275
-23.9286, 92.0522, 268
24.6563, 59.4609, 263
-40.4286, -1.23043, 283

-137.232, -16.3913, 290
-97.0357, 83.313, 286
-56.6786, 100.8, 276
-25.125, 92.0522, 268
23.75, 60.1391, 266
-38.0357, -9.87826, 284

-134.643, -17.6522, 290
-94.1518, 84.2609, 285
-56.2679, 101.261, 274
-25.125, 90.887, 268
23.75, 60.1391, 266
-43.8661, -7.53913, 289

-137.705, -17.713, 291
-97.7143, 82.6435, 288
-54.4107, 99.9609, 277
-23.75, 92.5217, 266
26.2232, 59.2043, 267
-37.6339, -2.44348, 281

-136.286, -15.0261, 288
-95.4241, 80.5435, 285
-55.6473, 97.5522, 277
-23.75, 90.2087, 266
23.6607, 57.6087, 265
-41.9866, -1.23913, 285

-137.232, -20.1739, 290
-95.4241, 83.0217, 285
-56.8839, 98.7565, 277
-26.4196, 91.2261, 269
22.6473, 58.0435, 267
-40.8571, -6.21739, 286

-137.232, -18.913, 290
-96.0938, 82.3565, 287
-57.0893, 100.322, 278
-26.3214, 92.0522, 268
24.6563, 59.4609, 263
-41.9866, -1.23913, 285

-137.344, -19.1087, 293
-96.0938, 82.3565, 287
-54.4107, 97.5522, 277
-24.0179, 93.5652, 269
26.125, 58.9826, 266
-42.1339, -3.73043, 286

-143.063, -19.1739, 294
-90.9375, 79.7087, 291
-54.8036, 97.0435, 279
-26.3214, 90.887, 268
2.08929, 47.8174, 234
-41.4286, 3.78261, 290

-104.866, 25.2174, 290
-75.5759, 43.9043, 297
-62.125, 35.8087, 284
-46.5625, -6.47826, 298
-28.2857, -12.5217, 288
-46.5625, -24.6174, 298

-80.8616, 34.7043, 307
3.2001e+007, 3.2001e+007, 3.2001e+007
3.2001e+007, 3.2001e+007, 3.2001e+007
3.2001e+007, 3.2001e+007, 3.2001e+007
3.2001e+007, 3.2001e+007, 3.2001e+007
-44.7857, -17.1826, 304

-78.3259, 36.0609, 319
3.2001e+007, 3.2001e+007, 3.2001e+007
3.2001e+007, 3.2001e+007, 3.2001e+007
3.2001e+007, 3.2001e+007, 3.2001e+007
3.2001e+007, 3.2001e+007, 3.2001e+007
-45.6696, -18.8696, 310

-108.571, 18.087, 320
-88, 65.6174, 308
-73.1429, 42.2957, 256
-58.4598, 34.1609, 291
-45.6429, 39.513, 284
-44.4643, -2.88696, 332

-137.973, -11.9739, 306
-90.4554, 93.4348, 307
3.2001e+007, 3.2001e+007, 3.2001e+007
-14.192, 101.778, 289
23.6652, 67.9304, 279
-37.8036, 2.53913, 292

-132, -12.0522, 308
-89.6652, 85.9826, 309
-47.0312, 100.77, 301
-14.0938, 96.0826, 287
29.5714, 65.113, 288
-37.6741, 2.53043, 291

-134.143, -16.3304, 313
-86.8571, 85.913, 304
-48.6964, 105.391, 303
-14.192, 95.4956, 289
27.4018, 63.0783, 279
-36, 3.75652, 288

-134.799, -15.913, 305
-91.6339, 87.8913, 311
-47.4107, 103.891, 295
-15.0536, 97.7391, 281
27.5, 64.5217, 280
-37.2857, 2.50435, 288

-140.228, -14.8739, 311
-94.2187, 90.3913, 315
-50.2143, 104.243, 296
-15.0536, 97.7391, 281
25.9688, 65.0348, 277
-38.9732, -3.79565, 291

-140.228, -13.5217, 311
-92.7232, 90.3044, 310
-50.0446, 103.891, 295
-16.1339, 96.6957, 278
25.5, 62.6783, 272
-41.4286, 5.04348, 290

-142.527, -12.2478, 313
-96.4152, 91.1783, 313
-51.8839, 104.948, 298
-18.8839, 98.087, 282
25.7813, 64.5652, 275
-41.4286, 6.30435, 290

-138.393, -13.4783, 310
-97.0312, 90.3913, 315
-53.0357, 104.596, 297
-18.8839, 98.087, 282
23.3259, 64.5652, 275
-38.8393, 7.56522, 290

-138.393, -12.1304, 310
-95.9375, 86.7609, 307
-54.5446, 102.357, 298
-20.0714, 97.7391, 281
22.6607, 66.2087, 282
-36.25, 6.30435, 290

-141.129, -13.6087, 313
-97.5, 86.8174, 312
-55.0938, 106.004, 301
-21.4777, 97.2043, 283
20.0714, 64.7522, 281
-43.3125, 1.27826, 294

-141.58, -12.287, 314
-96.1071, 89.5304, 312
-61.4732, 110.426, 306
-22.6607, 95.6348, 282
20.8705, 65.7609, 275
-45.0804, -2.58261, 297

-139.732, -13.6087, 313
-95.9375, 86.7609, 307
-59.3214, 106.357, 302
-25.1786, 96.8609, 282
19.6429, 65.7609, 275
-41.7143, 3.8087, 292

-142.031, -12.3261, 315
-97.1875, 86.5391, 311
-57.0134, 103.304, 297
-25.0893, 96.5174, 281
19.6429, 65.7609, 275
-48.7277, 2.56522, 295

-142.482, -13.7391, 316
-97.1875, 86.5391, 311
-59.3214, 106.357, 302
-23.9196, 96.8609, 282
19.7857, 63.8304, 277
-44.7768, 1.28261, 295

-138.777, -10.9217, 314
-97.8125, 92.5391, 313
-56.0625, 106.6, 299
-22.7411, 98.4348, 283
22.3393, 68.8957, 278
-42.2857, -2.57391, 296

-137.812, -10.9565, 315
-94.875, 87.0435, 308
-55.0938, 111.239, 301
-22.5804, 98.9609, 281
22.2589, 67.4435, 277
-36.5, 3.8087, 292

-135.973, -12.287, 314
-94.7143, 88.1739, 312
-54.3616, 107.178, 297
-22.5804, 98.9609, 281
23.4107, 67.2, 276
-39.1071, 6.34783, 292

-139.219, -10.9565, 315
-95.625, 90.3913, 315
-54.3616, 107.178, 297
-21.0982, 96.6957, 278
23.2411, 65.5217, 274
-36.25, 7.56522, 290

-135.973, -12.287, 314
-96.4152, 89.8174, 313
-55.6875, 108.47, 297
-21.25, 96.1739, 280
20.6429, 65.0435, 272
-37.8036, 5.07826, 292

-135.429, -8.24348, 316
-95.0179, 88.4565, 313
-54.3616, 105.887, 297
-22.4196, 97.0435, 279
21.9375, 65.2826, 273
-37.933, 6.36957, 293

-129.786, -5.49565, 316
-95.1161, 92.6348, 318
-53.3929, 107.9, 299
-24.8214, 97.9043, 278
19.4286, 65.0435, 272
-43.3125, 7.66957, 294

-129.527, -4.25217, 326
-93.4375, 95.2, 322
-53.0357, 104.596, 297
-24.7321, 96.3478, 277
13.875, 60.8087, 259
-49.7187, 7.85217, 301

-124.031, 14.913, 343
-90.5089, 103.787, 327
-51.8839, 115.313, 298
-30.5268, 92.6217, 263
-15.8036, 52.3304, 236
-49.3884, 11.7, 299

-117.188, 22.8261, 350
-85.7813, 101.348, 315
-51.25, 109.809, 287
-34.308, 93.3261, 265
-36.5625, 44.7652, 234
-47.8929, 14.2522, 298

-119.589, 29.9043, 362
-82.442, 102.065, 313
-51.75, 87.6522, 252
3.2001e+007, 3.2001e+007, 3.2001e+007
-61.3393, 28.8739, 229
-54.6429, -1.33043, 306

-115.625, 31.9565, 350
3.2001e+007, 3.2001e+007, 3.2001e+007
-53.2366, 101.391, 265
-66.7054, 77.5391, 241
-82.2589, 14.0739, 249
-63.4821, -8.24348, 316

-130.152, 32.4261, 339
3.2001e+007, 3.2001e+007, 3.2001e+007
-90.8839, 96.4565, 261
-93.5, 50.7043, 238
-85.058, -6.8087, 261
-63.0804, -5.46087, 314

-148.286, 28.5826, 346
3.2001e+007, 3.2001e+007, 3.2001e+007
-100.92, 92.7652, 254
-92.8259, 47.8, 239
-73.2545, -7.01739, 269
-59.125, 1.33913, 308

-147.174, 24.613, 333
3.2001e+007, 3.2001e+007, 3.2001e+007
-102.964, 84.1043, 248
-82.8795, 50.0652, 235
-61.2857, 3.44348, 264
-81.8214, 23.3565, 316

-149.357, 24.2435, 328
3.2001e+007, 3.2001e+007, 3.2001e+007
-104.732, 75.3913, 255
-83.5714, 59.913, 260
-50.4375, 19.8826, 269
-81.4286, 20.8696, 320

-154.219, 21.4565, 329
-130.313, 91.8609, 278
-80.3571, 58.6957, 250
-56.9196, 58.6957, 250
-40.6607, 72, 276
-73.8839, 17.2696, 331

-149.964, 25.2783, 323
-124.192, 89.187, 281
-65.8482, 53.2609, 250
-48.75, 62.1739, 260
-37.4152, 92.9826, 289
-68.8214, 25.6696, 328

-136.567, 30.9, 309
-96.375, 77.1, 257
-64.5, 57.2087, 258
-44.5179, 65.0348, 277
-34.7098, 104.117, 311
-64.308, 23.3043, 335

-117.21, 43.6087, 295
-84.2411, 78.7174, 255
-62.7009, 61.0652, 265
-40.2857, 74.7913, 282
-31.5268, 110.257, 321
-59.1071, 24.4652, 331

-104.33, 44.6087, 285
-77.7143, 75.687, 256
-53.1875, 58.5565, 259
-35.8616, 78.2826, 277
-33.2679, 107.061, 324
-50.3929, 28.8696, 332

-77.4286, 48.3087, 271
-61.875, 75.6, 252
-46.0848, 70.3565, 279
-34.8348, 87.9565, 289
-27.7232, 106.5, 345
-36.942, 30.2217, 331

-55.0714, 44.6957, 257
-58.2857, 76.8, 256
-45.3214, 76.0174, 282
-28.3839, 85.4435, 289
-17.2857, 105.6, 352
-33.7812, 30.0391, 329

-40.7813, 45.3913, 261
-55.3437, 77, 253
-43.2589, 76.8261, 285
-30.25, 79.0087, 308
-7.76786, 93.8087, 348
-23.4286, 25.6696, 328

-34.8259, 42.1043, 269
-66.5402, 83.6565, 271
-43.4598, 75.6739, 295
-23.7545, 76.2087, 313
18.6429, 90.7826, 348
-16.2054, 20.087, 330

-34.8259, 33.9174, 269
-74, 93.9478, 296
-45.8571, 94.9044, 321
-19.6875, 90.3913, 315
28.7545, 89.9087, 339
-16.0089, 21.2609, 326

-42.6161, 23.5565, 258
-79.3929, 92.2435, 312
-44.0179, 110.87, 340
-15.0446, 101.1, 337
37.5, 86.1913, 336
-13.1786, 22.8174, 328

-50.25, 18.6435, 268
-76.6607, 89.8696, 318
-36.9643, 112.5, 345
-14.9554, 103.413, 335
42.4643, 79.8609, 328
-13.058, 14.1304, 325

-56.3571, 9.14783, 263
-75.4464, 89.0217, 325
-33.4687, 110.204, 357
-7.70089, 103.5, 345
42.4554, 75.8044, 317
-15.8616, 14.0435, 323

-90.5982, 2.41739, 278
-73.0179, 83.2174, 348
-28.3661, 101.296, 353
0, 98.7826, 320
22.817, 58.4783, 269
-17.3036, 9.83043, 323

-96.25, -2.43478, 280
-71.317, 86.4348, 355
-18, 96.4174, 336
0, 95.4, 318
9.84375, 39.413, 245
-18.3973, 2.75652, 317

-103.598, -2.46087, 283
-71.1161, 81.5739, 354
-26.0313, 101.409, 343
-7.47321, 82.487, 279
-4.26786, 18.7043, 239
-25.4732, -4.13478, 317

-100.286, 6.26087, 288
-64.875, 84.2435, 346
-34.9375, 90.3, 301
-22.2321, 47.6348, 249
-14.9732, -15.7043, 258
-26.8884, -8.26957, 317

-92.0759, 13.1522, 275
-70.5714, 51.5478, 304
-51.25, 32.8696, 280
-40.9821, -3.52174, 270
-23.9196, -25.7478, 282
-44.1429, -25.5261, 309

-95.6786, 19.6174, 282
-74.8884, 34.4783, 305
-58.3571, 23.7913, 304
-39.6295, 1.16957, 269
-22.3393, -18.1304, 278
-44.2857, -25.6087, 310

-88.0714, 23.8261, 274
-78.9732, 21.2174, 305
-62.9464, 16.9565, 300
-44.6875, -6.21739, 286
-24.2589, -16.1652, 286
-48.1161, -24.8087, 317

-87.7902, 26.0217, 285
-77.8661, 19.9565, 306
-63.9955, 18.5652, 305
-49.3884, 2.6, 299
-25.7143, -2.50435, 288
-53.6071, -23.3565, 316

-101.973, 23.2957, 282
3.2001e+007, 3.2001e+007, 3.2001e+007
-74.4911, 37.6174, 309
-53.0357, 34.8652, 297
-20.4286, 48.4957, 286
-56.4107, -2.81739, 324

-122.549, 14.7652, 283
-96.5625, 63.1435, 309
-71.0357, 69.1826, 306
-49.5357, 66.0174, 292
0, 72.613, 293
-62.25, 10.1043, 332

-136.138, 6.19565, 285
-110.344, 86.5304, 321
-72.8929, 103.757, 314
-44.1964, 96.5217, 300
9.53125, 72.9348, 305
-60.0357, 11.4087, 328

-147, -5.11304, 294
-113.562, 89.6, 322
-70, 108.522, 320
-39.7455, 98.7739, 307
8.08929, 68.2783, 302
-60.9375, 12.7174, 325

-152.518, -10.1565, 292
-111.286, 86.9913, 328
-69.4286, 108.47, 324
-38.375, 97.4391, 307
6.60714, 68.2087, 296
-65.4911, 11.3391, 326

-157.509, -15.6, 299
-119.911, 84.2609, 340
-72.1875, 109.043, 330
-37.9688, 101.348, 315
0, 63.1957, 285
-64.4866, 5.58261, 321

-158.312, -19.4348, 298
-119.558, 84.013, 339
-74.2232, 106.304, 326
-44.0179, 89.5217, 290
-13.875, 49.5478, 259
-70.9821, 4.14783, 318

-165.571, -22.4696, 304
-125.929, 86.7478, 344
-78.317, 109.374, 331
-48.5625, 89.4783, 294
-16.25, 45.2174, 260
-69.125, -1.37391, 316

-159.906, -20.9391, 301
-130.536, 84.2609, 340
-81.4286, 105.739, 320
-52.0536, 77.1957, 265
-30.875, 26.8478, 247
-71.2054, 1.38696, 319

-147.321, -15.6522, 300
-126.228, 73.4783, 325
-87.4821, 74.087, 284
-64.8214, 50.5043, 264
-50.1027, 2.26957, 261
-78.1071, -11.2696, 324

-143.304, -14.3478, 300
-122.25, 52.4435, 326
-84.3482, 49.0435, 282
-73.3929, 29.7826, 274
-54.2143, -10.8, 276
-75.9107, -7.1087, 327

-127.46, -12.013, 307
-112.643, 13.2174, 304
-95.7232, 9.1913, 302
-71.5, -1.24348, 286
-46.9286, 7.61739, 292
-65.8036, -14.5652, 335

-116.25, -10.7826, 310
-105.509, 6.58696, 303
-86, 9.16087, 301
-65.2321, 6.1087, 281
-35.558, 34.6304, 295
-62.5982, -16.3565, 342

-108.232, -9.7087, 319
-98.0357, 13.2609, 305
3.2001e+007, 3.2001e+007, 3.2001e+007
-61.4018, 16.9, 299
-26.4286, 48.9043, 296
-62.4152, -11.8609, 341

-103.33, -9.92174, 326
-99.9643, 21.6348, 311
-77.3571, 23.7913, 304
-58.9286, 27.3913, 300
-16.2857, 59.4783, 304
-62.5, -6.08696, 350

-102.063, -8.4, 322
-99.1875, 36.4, 322
-78.5, 45.0522, 314
-52.9286, 55.6174, 312
-6.875, 70.9739, 308
-61.2857, 3.06087, 352

-122.277, 4.30435, 330
-111, 84.7304, 336
-77.5893, 101.67, 316
-54.6429, 98.4522, 306
0, 80.8913, 305
-53.5937, 17.8957, 343

-142.754, 2.8087, 323
-114.469, 97.0043, 333
-74.5312, 110.935, 315
-52.875, 111.574, 329
-1.31696, 82.087, 295
-56.8214, 20.9391, 344

-150.955, -2.77391, 319
-113.661, 99.0435, 335
-74.5179, 117.235, 321
-48.75, 108.522, 312
-3.81696, 80.5435, 285
-58.3259, 23.3043, 335

-157.58, -2.76522, 318
-119.205, 104.339, 338
-75.6786, 124.73, 326
-51.2321, 114.235, 302
-9.57143, 76.9043, 268
-60.7679, 24.5391, 332

3.2001e+007, 3.2001e+007, 3.2001e+007
-45.5714, 73.5087, 319
3.2001e+007, 3.2001e+007, 3.2001e+007
3.2001e+007, 3.2001e+007, 3.2001e+007
3.2001e+007, 3.2001e+007, 3.2001e+007
-72.4062, -48.9304, 331

-166.813, -1.36522, 314
-123.732, 104.339, 338
-83.8661, 111.978, 303
-60.5089, 99.3087, 251
-47.8482, 31.4043, 233
-71.6518, 15.3522, 321

-166.375, -2.67826, 308
-128.259, 107.278, 338
3.2001e+007, 3.2001e+007, 3.2001e+007
-71.3393, 83.7826, 235
-58.5804, 12.6783, 243
-78.25, 5.44348, 313

-168.839, -5.30435, 305
3.2001e+007, 3.2001e+007, 3.2001e+007
-107.116, 97.5913, 258
-84.4821, 59.4783, 228
-65.7679, 4.41739, 254
-83.0357, 18.8696, 310

-171.205, -3.84783, 295
3.2001e+007, 3.2001e+007, 3.2001e+007
-114.679, 80.5435, 247
-87.2768, 46, 230
-64.6339, 6.62609, 254
-85.25, 17.4087, 308

-169.393, -6.65217, 306
-139.96, 86.6261, 293
-119.089, 61.213, 247
-91.375, 38.287, 238
-70.8036, 14.6957, 260
-82.3393, 5.53043, 318

-165.536, -12.0913, 309
-147.857, 60, 276
-117.656, 38.1956, 251
-91.8839, 25.1, 251
-64.8884, 37.6957, 255
-84.9107, 1.37826, 317

-160.353, -17.3522, 307
-141.549, 36.5261, 271
-111.125, 23.1913, 254
-87.6562, 22.1739, 255
-57.3125, 47.8435, 262
-79.25, -8.26957, 317

-159.804, -16.3826, 314
-129.661, 16.6783, 274
-102.455, 17.6087, 270
-84.8571, 28.6957, 264
-49.9687, 59.3478, 273
-72.1741, -9.64783, 317

-134.062, -8.70435, 286
-114.031, 18.7174, 287
-89.3571, 31.4261, 278
-75.8036, 47.987, 283
-40.5223, 73.487, 313
-72.5446, -8.47826, 325

-115, 7.30435, 280
-115.375, 40.7478, 284
-100.089, 59, 295
-80.8616, 76.0826, 307
-49.1429, 85.2522, 344
-77.0714, 8.66087, 332

-116.25, 20.6957, 280
-131.263, 59.4, 297
-110.036, 75.9652, 312
-95.7589, 89.0217, 325
-56.0937, 95.213, 359
-79.7946, 20.1478, 331

-120.656, 27.3, 273
-143.549, 76.9565, 295
-121.049, 94.313, 319
-103.125, 104.739, 330
-65.3125, 100.435, 385
-89.4643, 20.3304, 334

-126.821, 25.6348, 268
-165.295, 91.8, 306
-135.763, 110.896, 327
-116.036, 110.035, 342
-75.0357, 104.635, 382
-93.8303, 32.4261, 339

-134.33, 19.9565, 255
-188.812, 91.2522, 318
-168.482, 116.783, 340
-134.75, 116.322, 343
-91.3661, 102.165, 379
-108, 27.7565, 336

-152.478, 9.9, 253
-202.612, 77.5696, 313
-188.616, 111.687, 338
-158.321, 114.161, 341
-111.375, 101.896, 378
-120.415, 28.9565, 333

-162.723, -6.33913, 243
-208.232, 65, 299
-198.009, 99.3, 331
-168.5, 109.891, 337
-112.205, 95.4261, 354
-132.437, 24.0957, 326

-163.625, -13.4522, 238
-221.464, 59.4522, 318
-198.571, 93.2174, 320
-176.607, 109.183, 344
-116.853, 97.113, 349
-139.004, 15.3522, 321

-168.147, -17.9609, 243
3.2001e+007, 3.2001e+007, 3.2001e+007
-197.951, 92.9261, 319
-169.473, 110.035, 333
-113.786, 100.043, 354
-143.384, 13.8261, 318

3.2001e+007, 3.2001e+007, 3.2001e+007
-189.884, 71.313, 278
-162.196, 99.3652, 293
-118.286, 105.183, 288
-61.7009, 87.1913, 271
-118.071, 11.8957, 304

-159.763, -8.24348, 237
-166.304, 78.5652, 278
-135.188, 107.374, 294
-88.6429, 107.617, 272
-44.25, 56.4348, 236
-99.7678, 15.7565, 302

-145.848, 7.36522, 242
-142.089, 96.4869, 292
-93.1562, 104.865, 271
-57.2589, 93.6435, 242
-38.4107, 23.9, 239
-80.0714, 15.8609, 304

-129.464, 16.3043, 250
-122.179, 106.822, 311
-76.1161, 115.978, 275
-39.6964, 75.3391, 228
-27.9643, 12.4826, 261
-63.3661, 19.6957, 302

-120.089, 30.4087, 269
-97.5, 112.591, 312
-54.6875, 107.609, 250
-28.4464, 59.513, 236
-17.9464, 15.1478, 268
-47.8929, 16.8435, 298

-107.768, 37.0435, 284
-78.75, 112.304, 315
-44.8214, 88.3956, 251
-19.8482, 49.8522, 234
-9.57143, 19.8087, 268
-34.375, 13.3913, 308

-98.1027, 38.2174, 293
-69.6696, 109.096, 306
-38.8571, 73.4609, 256
-14.9375, 40.5261, 239
7.33929, 39.313, 274
-20.8259, 9.46522, 311

-96.4286, 37.8261, 300
-65.8437, 104.696, 301
-35.7991, 58.1087, 243
-15.0625, 34.5783, 241
5.91518, 34.5652, 265
-20.558, 8.0087, 307

-86.4732, 32.3913, 298
-59.2634, 96.1957, 295
-32.6786, 43.4957, 244
-14.1027, 26.413, 243
8.15625, 37.4478, 261
-17.817, 8.0087, 307

-82.2411, 27.5739, 302
-55.6473, 74.6696, 277
-30.9777, 25.7, 257
-11.0714, 18.3304, 248
13.6071, 41.9652, 254
-12.375, -1.33913, 308

-77.9375, 20.9391, 301
-58.0714, 49.487, 271
-30.6429, 19.513, 264
-12.6696, 10.0957, 258
16.1875, 39.413, 259
-14.9286, -13.2174, 304

-72.8036, 13.1304, 302
-57.9687, 29.9565, 265
-33.6607, 9.04348, 260
-13.3393, 6.49565, 249
18.8571, 36.7304, 264
-16.5, -22.7652, 308

-76.8482, 3.93913, 302
-57.0938, 13.6174, 261
-35.625, 6.93913, 266
-13.6071, 6.62609, 254
18.7857, 30.8739, 263
-16.3929, -33.2609, 306

-85.7411, -6.32609, 291
-64.8304, 5.95652, 274
-36.0268, 8.18696, 269
-16.5, 13.7739, 264
22.5625, 30.0696, 266
-25.8705, -38.4565, 305

-92.8795, -14.8696, 285
-71, 14.8174, 284
-44.8437, 18.7174, 287
-23.2411, 25.0174, 274
29.3527, 24.013, 263
-31.7277, -41.6478, 309

-107.5, -17.0435, 280
-77.4375, 29.4, 294
-42.9554, 31.9913, 283
-20.1875, 41.6348, 266
32.625, 24.9652, 261
-36.8839, -37.2522, 306

-120.857, -18.3913, 282
-79.0178, 46.1739, 295
-46.125, 51.1609, 287
-17.125, 51.2261, 274
32.875, 28.587, 263
-38, -34.3652, 304

-126.701, -19.5478, 281
-77.1741, 54.7783, 293
-44.5179, 56.6043, 277
-15.0536, 59.8652, 281
31.7009, 30.8739, 263
-44.6384, -27.6652, 303

-132.188, -15.9391, 282
-80.625, 65.4348, 301
-43.5625, 71.1261, 287
-18.4821, 66, 276
28.5714, 34.5044, 256
-47.9688, -20.0217, 307

-143.549, -14.1087, 295
-84.9732, 77.4174, 307
-42.5759, 86.7, 289
-21.0982, 74.9391, 278
15.3125, 39.413, 245
-54.2857, -15.8609, 304

-152, -6.6087, 304
-90.2321, 90.713, 326
-43.7143, 97.6696, 288
-22.3929, 84.9391, 264
-3.06696, 42.813, 229
-62.9464, -2.6087, 300

-159, 4.14783, 318
-89.4286, 92.5391, 313
-51.25, 104.817, 287
-33.375, 90.5478, 267
-31.8214, 36.6261, 216
-67.1652, 5.13043, 295

-157.179, 11.3391, 326
-87.1875, 91.7609, 315
-53.2321, 102.509, 271
-56.1696, 82.0565, 233
-70.3929, 15.9652, 216
-82.2411, -10.5043, 302

-157.156, 11.4435, 329
3.2001e+007, 3.2001e+007, 3.2001e+007
-69.75, 101.896, 252
-81.75, 64.4522, 218
-90.75, -5.02174, 231
-82.2053, -15.4957, 297

3.2001e+007, 3.2001e+007, 3.2001e+007
-103.071, 95.2348, 296
-111, 71.0957, 224
-118.839, 5.73913, 220
-108.429, -36.3, 253
-84.442, -22.7739, 291

-149.531, 13.8696, 319
-121.683, 91.6304, 281
-131.496, 43, 215
-123.446, -11.6348, 223
-102.375, -41.6348, 252
-78.8839, -26.0217, 285

-145.763, 9.64783, 317
-130.402, 69.5739, 254
-134.036, 16.9043, 216
-117.938, -20.2696, 222
-97.0357, -42.9565, 247
-75, -26.7826, 280

3.2001e+007, 3.2001e+007, 3.2001e+007
-142.5, 45.913, 240
-133.795, -6.75652, 222
-118.071, -34.2957, 232
-96.3214, -47.4435, 248
-66.0491, -29.2391, 269

3.2001e+007, 3.2001e+007, 3.2001e+007
-141.027, 29.5043, 234
-132.188, -18.3913, 235
-108.643, -43.7478, 234
-88.2143, -50.4739, 247
-63.4107, -32.6261, 268

3.2001e+007, 3.2001e+007, 3.2001e+007
-128.036, 11.4304, 239
-113.571, -28.1739, 240
-93.9911, -47.3478, 242
-83.4286, -51.2, 256
-60.3348, -17.7391, 255

-119.518, -1.26522, 291
-115.313, 4.27826, 246
-97.4866, -30.5565, 251
-78.4286, -43.4957, 244
-54.8705, -36.6739, 241
-52.9821, -18, 276

-108.652, -11.0739, 283
-103.661, 5.6087, 258
-79.7143, -19.4087, 248
-59.6652, -32.7522, 243
-31.0714, -19.8261, 240
-41.8929, -13.2, 276

-74.8393, -32.0261, 254
-87.817, -1.03043, 237
-59.5446, -6.10435, 234
-38.9821, -1.02609, 236
-3.20089, 19.7435, 239
-32.8125, -17.8957, 294

-68.8393, -39.1087, 257
-86.7589, 4.12174, 237
-58.192, 1.03043, 237
-33.7143, 11.287, 236
0, 39.7348, 247
-34.8214, -22.1739, 300

-63.6161, -38.0435, 250
-83.4643, 9.91304, 228
-55.0179, 14.4261, 237
-30.9375, 29.1261, 231
-1.16518, 55.6043, 261
-35.558, -16.6739, 295

-59.75, -35.3304, 239
-88.5536, 30.7304, 228
-56.4732, 36, 230
-37.9286, 44.1217, 236
-12.7679, 68.3913, 286
-44.3214, -8.88696, 292

-62.0893, -31.7217, 228
-99.6473, 37.4739, 221
-72.9643, 53.2956, 227
-52.2812, 58.1913, 239
-34.9554, 71.8696, 290
-54.5625, -3.79565, 291

-67.2991, -30.3261, 225
-109.786, 41.4783, 212
-90.9241, 64.7478, 219
-70.4196, 66.5043, 239
-55.875, 72.5565, 298
-66.8571, -11.2696, 288

-66.1786, -30.3304, 218
-118.393, 44.3478, 204
-105.594, 70.7609, 217
-85.3393, 72.8522, 236
-71.5982, 69.7304, 297
-77.7768, -3.66522, 281

-64.375, -28.6609, 206
-121.982, 46.487, 198
-114.839, 73.9304, 218
-96.9286, 77.9826, 236
-88.6875, 75.9043, 301
-83.1786, 5.95652, 274

-58.2857, -27.4957, 204
-124.634, 49.0696, 198
-118.058, 70.1087, 215
-108.214, 78.2609, 240
-97.1161, 69.9652, 298
-87.3393, 1.16522, 268

-55.0089, -23.713, 202
-122.982, 50.6087, 194
-119.42, 67.9217, 214
-112.339, 76.9913, 233
-106.862, 69.8217, 303
-89.0625, 2.31304, 266

-42.8571, -19.2, 192
-110.071, 53.6, 184
3.2001e+007, 3.2001e+007, 3.2001e+007
-118, 79.0087, 236
-112.125, 72.8, 299
-92.0491, 6.8087, 261

-35.4375, -14.7913, 189
-95.0625, 58.5565, 182
3.2001e+007, 3.2001e+007, 3.2001e+007
3.2001e+007, 3.2001e+007, 3.2001e+007
-117.321, 69.8261, 292
-88.5536, 4.53913, 261

-37.3214, -10.7391, 190
-85.4286, 63.2, 184
-104.254, 61.2565, 193
3.2001e+007, 3.2001e+007, 3.2001e+007
3.2001e+007, 3.2001e+007, 3.2001e+007
-84.7321, 2.26087, 260

-42, -12.5217, 192
-79.7143, 64.6957, 186
3.2001e+007, 3.2001e+007, 3.2001e+007
3.2001e+007, 3.2001e+007, 3.2001e+007
-99.4107, 78.9826, 293
-86.0491, 5.58696, 257

-44.5714, -10.8522, 192
-81.375, 65.5043, 186
3.2001e+007, 3.2001e+007, 3.2001e+007
3.2001e+007, 3.2001e+007, 3.2001e+007
-61.6875, 76.0174, 282
-85.8928, 7.91304, 260

-53.6964, -10.1217, 194
-83.3304, 63.6522, 183
3.2001e+007, 3.2001e+007, 3.2001e+007
-79.7411, 86.6217, 229
-25.9777, 51.7, 253
-89.4911, 10.0565, 257

-73.125, -12.7174, 195
-101.469, 62.2826, 191
-90.8571, 79.2696, 212
-52.0714, 75.1304, 216
-22.2188, 14.4261, 237
-86.0491, 8.93913, 257

-87.8259, -11.6261, 191
-107.946, 61.8913, 195
-81.0536, 78.0522, 204
-31.9821, 51.913, 199
-24.1295, -13.2826, 235
-81.0134, -3.43043, 263

-96, -11.687, 192
-105.187, 60.2609, 198
-61.5937, 63.2739, 189
-21.5402, 24.3348, 193
-30.4241, -26.5652, 235
-72.1652, -14.9783, 265

-95.8482, -9.08696, 190
-104.125, 56.2435, 196
-59.0625, 50.1261, 189
-29.1429, 13.3565, 192
-28.2054, -32.5565, 234
-71.3482, -20.5043, 262

-99.9464, -8.3913, 193
-101.585, 55.2609, 205
-60.9375, 39.8478, 195
-32.0312, 7.13043, 205
-30.2946, -31.5391, 234
-72.2411, -21.5609, 261

-105.759, -7.16522, 206
-101.25, 44.1391, 216
-61.1741, 13.4261, 193
-40.6607, -11.7, 207
-30.5536, -37.9652, 236
-68.4821, -31.6522, 260

-120.647, -16.3478, 235
-94.6875, 4.56522, 210
-74.9375, -9.47826, 218
-56.6295, -28.0435, 215
-36, -30.1913, 224
-56.5714, -51.6522, 264

-118.125, -11.7174, 245
-103.063, -26.9043, 238
-85.5, -21.8087, 228
-72.6741, -48.4783, 223
-46.3705, -30.7478, 221
-58.7054, -51.4565, 263

3.2001e+007, 3.2001e+007, 3.2001e+007
-117.188, -30.4348, 250
-96.2813, -28.8522, 237
-96.1518, -42.087, 242
3.2001e+007, 3.2001e+007, 3.2001e+007
-51.6607, -49.1696, 263

3.2001e+007, 3.2001e+007, 3.2001e+007
3.2001e+007, 3.2001e+007, 3.2001e+007
3.2001e+007, 3.2001e+007, 3.2001e+007
-96.7366, -21.2739, 233
-72.5312, -11.0087, 211
-59.375, -48.5739, 266

3.2001e+007, 3.2001e+007, 3.2001e+007
3.2001e+007, 3.2001e+007, 3.2001e+007
3.2001e+007, 3.2001e+007, 3.2001e+007
-96.1071, 1.01739, 234
-96.0402, -8.33478, 213
-42.6786, -33.2522, 239

-29.7768, 41.6087, 290
3.2001e+007, 3.2001e+007, 3.2001e+007
3.2001e+007, 3.2001e+007, 3.2001e+007
-106.567, 35.2304, 219
-128.813, -3.98261, 229
-50.1473, -20.7826, 239

-26.8125, 42.2783, 286
-73.4375, 72.5435, 235
-88.125, 63, 210
-112.946, 43.0435, 220
-128.982, -1.01304, 233
-44.7277, -11.1435, 233

-23.2232, 49.0043, 289
-61.875, 80.3478, 231
-82.7679, 68.0696, 206
-113.344, 49.0609, 217
-124.844, -3.06522, 235
-49.7277, -15.4565, 237

-31.3929, 56.0522, 293
-58.4732, 84.9391, 222
-82.7679, 71.6522, 206
-113.866, 44.5478, 218
-117.857, -8.34783, 240
-50.1429, -7.12174, 234

3.2001e+007, 3.2001e+007, 3.2001e+007
-70.5134, 92.9739, 243
-88.433, 72.2348, 213
-122.143, 37.6696, 228
-123.67, -7.39565, 243
-47.4107, -2.05217, 236

-123.848, 37.3043, 286
-90.2857, 92.3826, 256
-109.866, 65, 230
-110, 34.4348, 220
-96.942, 16.8261, 215
-60.5893, -1.13478, 261

-148.862, 34.6957, 285
-116.237, 92.6217, 263
-115.018, 53.5304, 228
3.2001e+007, 3.2001e+007, 3.2001e+007
-102.187, 34.1217, 218
-72.7768, 13.6783, 286

-144.562, 30.1696, 257
-128.946, 79.0304, 249
-110.259, 47.613, 233
-91.4062, 45, 225
-54.0893, 67.8739, 233
-79.7902, 14.013, 293

-146.857, 31.287, 257
-132.304, 65.4652, 239
-110.732, 36.6261, 234
-88.3036, 47, 230
-47.8125, 81.7478, 238
-85.7411, 18.9783, 291

-142.286, 32.4783, 249
-129.643, 58.4348, 240
-107.393, 38.8174, 248
-87.5089, 48.4, 242
-44.8125, 82.0913, 239
-87.3393, 17.7739, 292

-138.344, 31.4043, 233
-123.25, 41.3565, 232
-104.143, 31.6957, 243
-84.6161, 49.6565, 243
-47.2232, 83.4261, 246
-89.5536, 12.8261, 295

-141.629, 22.4783, 235
-120, 30.2609, 240
-102.679, 38.0435, 250
-80.0714, 54.3826, 236
-44.5714, 85.7043, 256
-93.5045, 15.3913, 295

-144.915, -7.89565, 227
-117.857, 30.2609, 240
-99.125, 55.1652, 244
-80.2768, 66.5609, 243
-24.6518, 73.1174, 251
-92.25, 9.98261, 287

-144.277, -18.6696, 226
-123.728, 39.8174, 241
-100.446, 66.3043, 250
-71.9464, 71.1, 237
-19.5268, 60.2217, 243
-89.0223, 3.76957, 289

-147.924, -34.7391, 235
-126.357, 51.4435, 232
-94.2857, 77.2174, 240
-69.1429, 72.6, 242
-21.25, 44.4957, 238
-87.125, -11.2304, 287

-142.312, -42.1826, 231
-125.321, 53.4609, 232
-92.9107, 78.913, 242
-62.3438, 69.2391, 245
-22.5, 34.4348, 240
-82, -14.9739, 287

-141.906, -52.9956, 239
-127.969, 47.9348, 245
-91.8839, 70.9348, 251
-62.8527, 61.213, 247
-19, 15.5826, 224
-77.8839, -27.3565, 286

-142.5, -58.4348, 240
-127.5, 47.6739, 255
-90.1875, 67.5652, 259
-58.442, 57.9913, 247
-18.4018, 6.96957, 229
-76.6071, -32.3304, 286

-138.857, -63.3913, 243
-127.83, 44.7217, 278
-82.8125, 66.8261, 265
-47.2232, 49.2, 246
-16.7857, -6.13043, 235
-65.1161, -38.5478, 286

-134.504, -61.7087, 249
-118.696, 43.9783, 289
-69.1339, 63.8478, 267
-37.6562, 39.8174, 241
-7.1875, -14, 230
-61.058, -53.1391, 291

-130.152, -60.5739, 258
-106.714, 42.5739, 288
-59.5982, 61.5261, 267
-29.625, 35.0348, 237
-5.11161, -18.9174, 229
-56.2455, -49.6826, 293

-127.955, -48.8696, 281
-88.8348, 45.1957, 297
-43.5536, 60.0913, 271
-18.4018, 21.9043, 229
-4.16071, -30.3913, 233
-42.1429, -46.1739, 295

-113.411, -33.0087, 292
-69.6696, 53.2174, 306
-24.9107, 67.9304, 279
-10.3125, 26.113, 231
-3.20089, -33.2522, 239
-28.875, -37.0696, 294

-94.0625, 2.61739, 301
-45.2277, 81.4217, 307
-16.942, 72.6, 253
-3.08036, 25, 230
8.57143, -16.6957, 240
-13.2143, -15.4435, 296

-82.7857, 15.8609, 304
-42.8705, 93.6261, 291
-18.8214, 70.087, 248
2.00893, 29.3478, 225
17.5714, 3.2087, 246
-5.25, -12.7826, 294

-75.1339, 33.2609, 306
-37.4152, 100.522, 289
-16.1384, 68.1087, 241
1.99107, 33.9348, 223
23.2768, 20.6087, 237
-5.21429, -2.53913, 292

-65.4643, 48.8348, 312
-33.6295, 109.174, 279
-19.6786, 66.5739, 232
-2.91964, 38.8609, 218
18.9643, 42.0696, 236
0, 17.8348, 293

-55.5357, 59.4956, 311
-30.2455, 114.291, 271
-28.125, 60.6522, 225
-10.3125, 45.1957, 231
26.8795, 70.7783, 223
-1.29464, 27.7391, 290

-46.7009, 71.6696, 317
-25.0312, 107.961, 267
-29.7321, 60.8087, 222
-15.4018, 50, 230
26.8795, 76.5957, 223
0, 35.0609, 288

3.2001e+007, 3.2001e+007, 3.2001e+007
-24.9375, 108.713, 266
-44.5357, 54.4696, 232
-22.8839, 51.6652, 233
21.4107, 80.5652, 218
-5.14286, 38.8174, 288

3.2001e+007, 3.2001e+007, 3.2001e+007
-38.4509, 104.4, 261
-51.8571, 52.6087, 242
-31.875, 58.9826, 238
13.1875, 79.813, 211
-12.6786, 43.2174, 284

3.2001e+007, 3.2001e+007, 3.2001e+007
-54.1339, 97.5913, 258
-51.6161, 56.687, 246
-28.2054, 66.1304, 234
6.84375, 79.9826, 219
-23.0625, 47.4174, 287

-109.607, 74.6087, 264
-91.8482, 71.7826, 254
-63, 76.6957, 252
-48.6161, 73.6522, 242
-20.5357, 70.4348, 200
-53.0804, 47.913, 290

-120.536, 47.8261, 250
-102.924, 67.9783, 265
-76.3929, 75.4783, 248
-60, 69.913, 240
-66.25, 52.5391, 212
-62.7232, 35.4304, 281

-126.295, 28.8783, 246
-107.826, 56.2957, 249
-84.9955, 68.1087, 241
-71.6875, 52.8348, 217
-89.7812, 17.2957, 221
-71.25, 14.6087, 280

-125.375, 12.4174, 238
-113.839, 44.5652, 250
-96.3214, 61.4609, 248
-83.625, 45.5696, 223
-96.25, -8.52174, 245
-61.0179, 2.33043, 268

-127.5, 2.08696, 240
-117, 46.0174, 252
3.2001e+007, 3.2001e+007, 3.2001e+007
-89.7812, 35.5522, 221
-95.0714, -21.0435, 242
-65.5848, 15.1565, 249

-128.491, -14.2435, 234
-122.08, 43.1391, 242
-94.4018, 57.8174, 218
-98.3571, 24.4174, 216
-96.7634, -39.913, 255
-63.4777, -4.1913, 241

-135.603, -35.9217, 243
-128.571, 51.1304, 240
-92.1429, 63.5652, 215
-104.5, 1.81739, 209
-88, -60.1044, 256
-81.9107, -20.5478, 278

-127.942, -53.6913, 233
-119.705, 52.4087, 246
-92.1696, 59.8435, 222
-102.634, -22.7174, 209
-81.25, -78, 260
-80.2857, -36.6522, 281

-126.429, -69.913, 240
3.2001e+007, 3.2001e+007, 3.2001e+007
-92.75, 41.4783, 212
-96.4911, -53.9652, 214
-63.75, -82.0435, 255
-69, -49.2, 276

-123, -69.5217, 246
-98.4375, 39.413, 245
-95.1786, 11.587, 205
-81.5179, -81.3043, 220
3.2001e+007, 3.2001e+007, 3.2001e+007
-41.7902, -50.6, 253

-106.955, -68.3913, 242
-91.4286, 37.8435, 256
-90.5625, -16.2, 207
-58.0357, -94.5652, 250
3.2001e+007, 3.2001e+007, 3.2001e+007
-42.2411, -42.2217, 249

-106.701, -62.5739, 257
-89.4554, 15.1957, 233
-79.192, -47.6087, 219
-37.125, -88.7478, 252
-21.7857, -78.5044, 244
-33.4821, -40.2174, 250

-91.4286, -46.7478, 256
-81.3616, -7.82609, 225
-67.8973, -60.2043, 227
-30.9777, -90.5087, 257
-18.5625, -71.3087, 231
-17.1429, -40.6957, 240

-90.1875, -36.0348, 259
-80.7857, -15.1304, 232
-57.4554, -64.0957, 234
-25.8214, -74.3956, 241
-12.375, -59.2565, 231
-24.5402, -39.487, 239

3.2001e+007, 3.2001e+007, 3.2001e+007
-62.1429, -29.2174, 240
-42.2679, -48.0261, 263
-17.2857, -37.8783, 242
20.9063, 0.969565, 223
-3.79018, -39.3739, 283

3.2001e+007, 3.2001e+007, 3.2001e+007
-54.8705, -23.0522, 241
-30.75, -14.9739, 246
-14.1027, -11.6217, 243
34.3036, 15.7217, 226
-3.69643, -27.6, 276

3.2001e+007, 3.2001e+007, 3.2001e+007
-49.2187, -7.45652, 245
-29.4107, 10.6087, 244
-10.4911, 17.3696, 235
40.3125, 40.1957, 215
-3.70982, -4.81739, 277

3.2001e+007, 3.2001e+007, 3.2001e+007
-47.7321, 17.9609, 243
-24.9643, 35.4565, 233
-2.01786, 45.2, 226
44.1875, 56.2087, 202
-6.00446, 12.8652, 269

-66.4286, 52.1739, 240
-47.5357, 44.1913, 242
-23.8214, 60.5217, 232
-5.26786, 63.6174, 236
36.058, 65.0956, 197
-3.54911, 32.2609, 265

-66.1518, 50.9174, 239
-48.4643, 65.6696, 236
-24.75, 80.3478, 231
4.08929, 74.6739, 229
19.6429, 63.4783, 200
-13.4062, 36.7957, 273

-63.75, 52.7739, 238
-57.4955, 75.013, 243
-29.7723, 94.5043, 247
3.2001e+007, 3.2001e+007, 3.2001e+007
13.192, 64.2391, 197
-18.2812, 42.7304, 273

-62.5536, 55.0261, 226
3.2001e+007, 3.2001e+007, 3.2001e+007
-273.607, 235.287, 652
3.2001e+007, 3.2001e+007, 3.2001e+007
0, 59.1, 197
-24.0179, 50.2913, 269

-74.9821, 54.7696, 221
3.2001e+007, 3.2001e+007, 3.2001e+007
3.2001e+007, 3.2001e+007, 3.2001e+007
3.2001e+007, 3.2001e+007, 3.2001e+007
-15.8304, 53.1043, 197
-32.5446, 46.9565, 270

-104, 43.8261, 224
3.2001e+007, 3.2001e+007, 3.2001e+007
3.2001e+007, 3.2001e+007, 3.2001e+007
3.2001e+007, 3.2001e+007, 3.2001e+007
-23.625, 52.8348, 196
-40.5268, 44.113, 267

-122.746, 37.8044, 235
3.2001e+007, 3.2001e+007, 3.2001e+007
3.2001e+007, 3.2001e+007, 3.2001e+007
3.2001e+007, 3.2001e+007, 3.2001e+007
-21.7634, 67.8261, 195
-52.6429, 34.9565, 268

-127.321, 35.5826, 248
-96.4286, 107.687, 288
-55.183, 110.917, 263
-40.567, 101.304, 233
-9.33036, 77.2391, 209
-54.625, 28.913, 266

-128.496, 21.0522, 269
-106.509, 98.4783, 302
-63.2946, 111.2, 278
-41.7857, 101.217, 240
-2.04464, 75.6696, 229
-51.6607, 20.5826, 263

-139.125, 3.83478, 294
-117.464, 81.9, 299
-77.4107, 100.522, 289
-53.0357, 91.8261, 264
-7.78125, 60.6261, 249
-67.1786, 1.14783, 264

-142.5, -10.5739, 304
-116.018, 69.8261, 292
-75.5357, 89.5044, 282
-54.2411, 79.8261, 270
-10.0045, 48.7174, 249
-68.0982, -6.86087, 263

-144.522, -18.0783, 297
-124.719, 62.7348, 307
-79.1607, 77.0957, 286
-54.2411, 72.7826, 270
-10.0848, 40.3783, 251
-72.2411, -18.1565, 261

-155.652, -28.5043, 298
-114.027, 54.2348, 297
-71.3571, 72.0696, 296
-52.0223, 60.0913, 271
-7.84375, 31.6478, 251
-76.0268, -22.7826, 262

-173.75, -47.1391, 278
-107.826, 36.6913, 291
-60.8571, 53.0957, 284
-46.4866, 47.5956, 267
-16.5446, 16.113, 218
-87.7232, -41.0087, 262

-179.241, -53.8043, 275
-102.982, 24.1217, 292
-60, 45.0435, 280
-42.5804, 41.4696, 251
-43.0804, -1.67826, 193
-86.5179, -52.1087, 255

-174.92, -58.3739, 274
-89.375, 27.3565, 286
-43.7009, 43.6522, 251
-51.1071, 35.9478, 212
-88.6786, -32.387, 191
-82.2589, -45.4696, 249

-159.125, -48.5739, 266
-78.6384, 32.9913, 271
-45.375, 50.2174, 231
-71.8839, 27.8348, 194
-111.701, -62.2826, 191
-84.9777, -54.1522, 235

-140.973, -33.7217, 277
-52.5, 39.413, 245
-60.2857, 56.8783, 211
-102.393, 15.5304, 188
-120.214, -71.8435, 204
-85, -52.7739, 238

-114.107, -7.4087, 284
-43.2143, 55.7652, 242
-79.1518, 59.9565, 197
-126.214, 4.85217, 186
-114.286, -66.087, 200
-67.4598, -39.0391, 219

3.2001e+007, 3.2001e+007, 3.2001e+007
-66.7857, 79.3913, 220
-124.375, 43.2609, 199
-144.375, -9.13044, 210
-105.567, -41.3174, 221
-69.6875, -16.4826, 223

3.2001e+007, 3.2001e+007, 3.2001e+007
-82.6295, 81.4435, 223
-126.402, 43.0435, 198
-140.705, -8.06087, 206
-98.3571, -39.4435, 216
-68.692, -17.4522, 223

3.2001e+007, 3.2001e+007, 3.2001e+007
-98.1429, 81.6435, 229
-122.036, 46.3174, 201
-119.344, 6.9913, 201
-96.875, -18.8696, 217
-55, 9.56522, 220

-121.063, 29.8, 298
-99.5982, 83, 230
-105.719, 58.8348, 199
-90.5848, 29.1217, 197
-73.625, 11.3217, 217
-65.3125, 6.93913, 266

-132.429, 41.3217, 288
-98.5714, 71, 230
-90.4286, 77.0609, 211
-66.6295, 50.1826, 199
-42.4241, 38.4348, 221
-62.2143, 20.9739, 268

-141.268, 42.0391, 293
-101.554, 84.1739, 242
-77.4107, 79.8261, 204
-56.7411, 60.6087, 205
-35.5179, 53.8087, 221
-54.6429, 20.1043, 272

-138.75, 38.9565, 280
-98.2991, 85.8652, 227
3.2001e+007, 3.2001e+007, 3.2001e+007
-45.5357, 64.7478, 204
-24.2187, 56.6087, 217
-59.0625, 32.8696, 270

-140.241, 38.6783, 278
-97.75, 94.1652, 238
3.2001e+007, 3.2001e+007, 3.2001e+007
-39.7366, 76.5, 207
-16.3929, 65.7391, 216
-59.2812, 32.9913, 271

-138.786, 34.9565, 268
-96.2813, 94.8, 237
3.2001e+007, 3.2001e+007, 3.2001e+007
-36.4732, 88.8043, 215
-7.85714, 80.3478, 220
-45.6339, 36.2565, 269

-135.384, 30.1696, 257
-92.5759, 95.2261, 233
-61.3393, 91.6, 229
-31.2679, 92.2522, 206
-3, 85.7043, 224
-49.0536, 34.9565, 268

-130.116, 22.5522, 247
-89.7188, 92.4, 231
-59.0357, 99.1304, 228
-29.7143, 94.0522, 208
3.14732, 91.9565, 235
-43.2321, 32.7478, 269

-127.5, 14.487, 238
-91.5357, 90.1609, 233
-56.4732, 100, 230
-30.8571, 92.9739, 216
7.84375, 88.3956, 251
-47.3214, 13.8261, 265

-123.214, 7, 230
-89.2991, 88.0174, 241
-54.6563, 98.4261, 231
-29.9063, 93.4044, 231
14.0357, 76.3217, 262
-44.2768, 2.26957, 261

-124.723, -2.98696, 229
-87.8705, 85.5783, 243
-51.4286, 98.087, 240
-25.9286, 90.487, 242
18.7143, 66.0696, 262
-44.1071, -3.3913, 260

-126.214, -13.8783, 228
-88.2143, 76.2478, 247
-52.2857, 90.1739, 244
-25.3616, 83.7652, 247
24.1875, 58.3304, 258
-40.3125, -10.0957, 258

-132.344, -22.3696, 245
-92.8571, 67.8261, 260
-54.7634, 82.8391, 261
-25.0446, 75.3913, 255
21.9688, 47.2957, 259
-42.2679, -18.2957, 263

-131.786, -32.087, 246
-96.7857, 58.913, 271
-58.5, 77.1522, 273
-27.8571, 66.6956, 260
19.6563, 39.413, 259
-50.4375, -24.5609, 269

-153.045, -48.8696, 281
-110.955, 50.2609, 289
-73, 71.0956, 292
-41.8393, 62.9739, 284
7.41964, 30.1087, 277
-55.7857, -37.0435, 284

-154.299, -52.5348, 281
-120.388, 43.4739, 303
-80.3571, 67.8261, 300
-51.7857, 56.7391, 290
0, 24.6957, 284
-61.9286, -42.7217, 289

-162.388, -58.2, 291
-125.531, 40.3043, 309
-91.3393, 63.3478, 310
-55.875, 55.713, 298
-5.21429, 22.8522, 292
-69.9107, -40.3478, 290

-161.437, -54.9652, 294
-129.25, 40.1739, 308
-96.2321, 67.5348, 317
-59.6652, 54.2348, 297
-8.90625, 24.7826, 285
-67.5536, -50.6087, 291

-163.304, -59, 295
-137.705, 42.8609, 318
-95.0179, 68.0435, 313
-60.7857, 55.3391, 296
-11.4911, 23.6261, 286
-70.9598, -45.2348, 289

-161.513, -55.9, 299
-128.143, 43.4087, 312
-88.5045, 61, 305
-57.5536, 57.3261, 293
-7.71429, 26.2957, 288
-71.8393, -46.6435, 298

-161.196, -54.5478, 306
-122.857, 43.1304, 320
-82.9687, 68.4783, 315
-54.9375, 58.6, 293
-3.85714, 28.8, 288
-64.75, -38.6087, 296

-156.384, -51.2174, 310
-122.188, 50.4, 322
-84.2857, 70.9565, 320
-50.7232, 61.1, 299
0, 31.5217, 290
-63.1563, -32.7174, 301

-154.196, -46.4174, 314
-116.411, 51.1565, 318
-77.8348, 71.6696, 317
-46.5625, 63.487, 298
3.9375, 35.7913, 294
-60.2679, -40.4348, 300

-134.674, -21.6348, 311
-81.1741, 72.1217, 319
-45.0804, 91.8, 306
-17.3125, 78.2826, 277
9.64286, 42.7826, 240
-42.2857, -11.5826, 296

-131.348, -13.6087, 313
-72.5446, 77.7174, 325
-38.192, 96.1957, 295
-18.75, 85.2174, 280
-2.02679, 41.4522, 227
-46.4062, -9.03913, 297

-129.924, -5.68696, 327
-70.0714, 83.8826, 327
-33.4821, 101.739, 300
-11.9643, 88.5565, 268
-9.73214, 37.913, 218
-36.8973, -1.23913, 285

-121.179, -1.35652, 312
-64.4866, 87.9261, 321
-28.8527, 98.9609, 281
-12.3259, 87.3043, 251
-13.5, 38.5043, 216
-35.25, 8.58261, 282

-128.375, 2.74783, 316
-61.875, 90.3913, 315
-25.4464, 105.326, 285
-13.3929, 90.2174, 250
-23.4375, 33.7826, 210
-33.3884, 10.8391, 277

-124.955, 9.46522, 311
-59.0625, 93.1304, 315
-31.25, 91.3044, 280
-17.5313, 85.3696, 231
-36.6071, 28.5217, 205
-39.8571, 6.06522, 279

-122.772, 13.4348, 309
-56.192, 97.4391, 307
3.2001e+007, 3.2001e+007, 3.2001e+007
-24.2143, 89.4174, 226
-51.3482, 21.3, 213
-39.8571, 1.21304, 279

-122.946, 17.2957, 306
-56.8214, 95.2348, 296
-25.6071, 97.6783, 239
-37.7812, 86.8, 217
-63.1116, 15.5957, 211
-35.7589, 6.96522, 267

-126.629, 21.2174, 305
3.2001e+007, 3.2001e+007, 3.2001e+007
3.2001e+007, 3.2001e+007, 3.2001e+007
-46.8125, 83.7391, 214
-69.4152, 12.3783, 219
-49.1071, 4.78261, 275

-132.589, 26.087, 300
-60.8125, 99.113, 278
-39.5357, 104.817, 246
-65.8929, 74.8696, 205
-76.6563, 3.87826, 223
-44.2679, 1.16522, 268

-138.406, 28.7913, 301
3.2001e+007, 3.2001e+007, 3.2001e+007
-66.1518, 93.5217, 239
-88.7723, 61.5, 205
-79.8036, 8.53043, 218
-44.2857, 7.54783, 248

-141.268, 29.3, 293
3.2001e+007, 3.2001e+007, 3.2001e+007
-78.9554, 93.5217, 239
-96.5714, 53.3565, 208
-82.875, 9.6087, 221
-54.9732, 6.83478, 262

-141.018, 34.9826, 298
3.2001e+007, 3.2001e+007, 3.2001e+007
-84.9777, 89.913, 235
-97.3214, 52.1739, 200
-83.8616, 12.4913, 221
-52.2321, 9.04348, 260

-147, 35.7913, 294
-88.7946, 98.6739, 255
-97.9821, 88.2435, 236
-101.161, 51.9478, 206
-85.6161, 16.4826, 223
-53.5982, 12.4826, 261

-148.165, 39, 299
-99.7277, 96.0348, 251
-106.098, 80.0304, 233
-101.5, 52.0739, 203
-78.4687, 30.1913, 217
-65.8125, 32.0478, 273

-155.558, 40.8391, 303
3.2001e+007, 3.2001e+007, 3.2001e+007
-113.478, 74.6739, 229
-99.375, 56.6087, 210
-75.3348, 51.8478, 225
-80.5714, 33.1043, 282

-157.781, 37.4478, 297
3.2001e+007, 3.2001e+007, 3.2001e+007
3.2001e+007, 3.2001e+007, 3.2001e+007
-96.5357, 54.1043, 204
-69.308, 64.5652, 225
-82.7009, 28.5, 285

-164.813, 39.4913, 293
-117.643, 61.9826, 216
-92.75, 59.913, 212
-75.9821, 65, 230
-54, 74.1913, 216
-81.4286, 38.413, 285

-174.25, 34.9391, 287
-116.946, 63.7043, 222
-89.125, 68.8739, 217
-74.6295, 68.7, 229
-52.3661, 86, 230
-87.4821, 39.513, 284

-168.187, 27.3, 273
-136.705, 67.6609, 251
-111.857, 68.5565, 216
-86.7857, 73.2522, 216
-50.8929, 88.2261, 228
-86.2143, 39.513, 284

-169.406, 26.113, 273
-136.705, 66.5696, 251
-113.75, 78, 260
-88.6875, 85.2522, 258
-48.875, 91.0609, 238
-83.9732, 35.9348, 285

-158.96, 18.4043, 249
-125.107, 59.9391, 226
-104.062, 76.2522, 222
-84.9286, 87.7565, 232
-49.1071, 94.5652, 250
-92.25, 37.4348, 287

-128.536, 19.4957, 236
-122.08, 55.7652, 242
-103.795, 73.913, 250
-82.7009, 85.913, 247
-48.0089, 95.9739, 283
-78.7009, 21.3609, 289

-124.835, 19.7435, 239
-119.42, 55.4348, 250
-100.179, 70.9565, 255
-74.375, 80.9565, 245
-42.5, 90.087, 280
-86.3304, 15.287, 293

-121, 19.9913, 242
-117.656, 53.4739, 251
-96.7634, 69.8478, 255
-73.5804, 80.2174, 246
-35.9911, 89.4435, 278
-77.4375, 16.6174, 294

-112.473, 18.2565, 247
-112.5, 51.4957, 252
-86.3571, 64.6956, 248
-69.375, 75.4478, 259
-26.9063, 82.3565, 287
-71.5982, 14.2043, 297

-101.973, 13.7348, 243
-110.366, 51.4565, 263
-83.0357, 59.3043, 248
-62.75, 69.8435, 251
-27.0937, 76.6478, 289
-52.1429, 7.61739, 292

-96.9464, 9.54783, 244
-111.723, 45.9913, 258
-89.8571, 54.4, 272
-65.6518, 66.1826, 258
-26.8125, 73.3652, 286
-64.7143, 5.25217, 302

-93.9911, 9.46957, 242
-109.192, 45.7391, 263
-78.625, 46.1696, 259
-58.0357, 61.0435, 260
-19.6875, 70.3043, 294
-56.8214, -10.2957, 296

-88.9286, 3.24783, 249
-107.25, 45.913, 264
-77.1875, 45.1043, 266
-58.625, 54.7652, 268
-15.2679, 64.4348, 285
-56.0625, -11.7, 299

-93, -15.0957, 248
-106.42, 47.6522, 274
-76.9464, 62.8522, 278
-52.5982, 53.6087, 274
-6.25, 49.913, 280
-40.0446, -16.9, 299

-96.3214, -24.8, 248
-104.143, 47.5826, 288
-68.4643, 64.2087, 284
-43.3929, 50.4783, 270
4.92857, 40.8, 276
-42.8571, -26.087, 300

-102.375, -33.9652, 252
-100.112, 45.5, 299
-63.4286, 65.6348, 296
-34.75, 55.6, 278
13.4062, 39.1696, 273
-30.2902, -24.3696, 295

-104.732, -36.587, 255
-93.0223, 43.2696, 311
-54.1071, 65.8696, 303
-25.7143, 55.0956, 288
22.1786, 36, 276
-23.3036, -37.8261, 290

-107.25, -36.7304, 264
-82.9554, 45.3565, 326
-49.2188, 67.1087, 315
-22.3125, 58.8, 294
26.4196, 33.9174, 269
-24.7679, -44.4348, 292

-110.906, -40.3565, 273
-74.6786, 47.0609, 328
-37.3661, 70.087, 310
-14.683, 57.2, 299
28.3929, 33.413, 265
-22.0089, -36.5652, 290

-114.563, -41.687, 282
-72.3214, 43.6696, 324
-29.8571, 62.1217, 304
-8.75, 53.5652, 280
32, 28.9391, 256
-16.5402, -35.9348, 285

-106.714, -36.313, 288
-61.8125, 44.8, 322
-22.6161, 64.7826, 298
-2.50893, 57.4217, 281
26.3393, 27.7043, 236
-21.4018, -39.2348, 282

-99.2098, -28.5783, 313
-59.1205, 50.5565, 323
-19.0179, 69.1478, 284
-3.44196, 59.2217, 257
12.5937, 21.7, 217
-27.1071, -37.2, 276

-91.3393, -18.8696, 310
-44.625, 54.9652, 294
-17.125, 63.1391, 274
-5.26786, 62.5913, 236
-17.5, 9.37391, 196
-27.9643, -32.9087, 261

-93.4018, -13.7826, 317
-43.1429, 64.3391, 302
-9.42857, 80.3478, 264
-12.1071, 63.8696, 226
-36.9732, 0.878261, 202
-30.5268, -29.7304, 263

-93.6205, -13.6087, 313
-42.8571, 66.5217, 300
-11.3839, 82.0435, 255
-20.0625, 60.4783, 214
-49.9241, -12.8435, 211
-35.7589, -35.987, 267

-92.7232, -10.7826, 310
3.2001e+007, 3.2001e+007, 3.2001e+007
-21.6964, 82.4087, 243
-39.3527, 54.3696, 205
-59.6384, -33.3261, 219
-34.1786, -40.1739, 264

-97.308, -5.33913, 307
3.2001e+007, 3.2001e+007, 3.2001e+007
-38.9821, 77.9826, 236
-52.8214, 41.687, 204
-56.7054, -43.8, 219
-31.375, -9.82174, 251

-98.8929, 1.35652, 312
3.2001e+007, 3.2001e+007, 3.2001e+007
-47.8482, 80.0304, 233
-59.5179, 36.0087, 202
-56.7054, -44.7522, 219
-31.375, -9.82174, 251

-97.7679, -2.6087, 300
3.2001e+007, 3.2001e+007, 3.2001e+007
-65.2902, 77.2826, 225
-67.5179, 27.687, 199
-54.7545, -43.6304, 223
-37.2857, -3.40435, 261

-100.768, 2.58261, 297
-64.2143, 75.4783, 248
-76.6071, 75.5652, 220
-71.9598, 24.2261, 199
-49.7768, -37.813, 223
-46.9643, -8.00435, 263

-104.844, 3.97826, 305
-81.7678, 77.5391, 241
-90.9375, 62.087, 210
-75, 18.2609, 200
-51, -26.2957, 224
-54.8304, 1.16087, 267

-127.75, -3.8087, 292
-132.902, 57.7478, 229
-109.286, 38.1391, 204
-84.3482, 27.0913, 201
-58.2768, 20.4696, 214
-71.9063, 1.18696, 273

-136.875, -6.34783, 292
-139.232, 46.1826, 226
-112.375, 31.7739, 203
-84.7679, 27.2261, 202
-69.2143, 30.7304, 228
-75.2857, 5.91304, 272

-148.339, -7.4087, 284
-132.795, 35.3565, 214
-115.696, 19.0826, 209
-103.161, 21.8, 218
-73.0089, 38.4348, 221
-81.058, -4.71304, 271

-147.469, -7.12174, 273
-133.125, 14.8174, 213
-115.875, 11.6435, 206
-99.8482, 17.4304, 211
-80.9018, 40.3565, 221
-91.4062, -5.93478, 273

-160.875, -9.49565, 273
-136.875, 9.13044, 210
-123.857, 4.43478, 204
-106.031, 14.1217, 203
-85.9821, 45.5913, 214
-96.0714, -7.01739, 269

-162.286, -8.90435, 256
-141.964, 5.53043, 212
-124.754, -1.8, 207
-111.817, 10.8, 207
-95.5893, 47.9304, 212
-110.482, -2.33913, 269

-169.143, -16.6957, 256
-149.464, 0.93913, 216
-131.496, -10.2826, 215
-112.741, 6.3, 207
-102.214, 46.087, 212
-110.366, -12.5783, 263

3.2001e+007, 3.2001e+007, 3.2001e+007
-158.125, 2, 230
-149.625, -32.8696, 252
-122.679, -11.9478, 229
-109.018, 35.3913, 220
-118.562, -25.9217, 271

3.2001e+007, 3.2001e+007, 3.2001e+007
-165, -1.04348, 240
-148.862, -33.2913, 247
-123.089, -18.6696, 226
-111.254, 16.6696, 213
-112.929, -33.113, 272

3.2001e+007, 3.2001e+007, 3.2001e+007
3.2001e+007, 3.2001e+007, 3.2001e+007
-142.607, -33.6696, 242
-128.839, -11.5826, 222
-117, -15.3739, 208
-126.134, -45.7652, 277

3.2001e+007, 3.2001e+007, 3.2001e+007
3.2001e+007, 3.2001e+007, 3.2001e+007
-145.625, -14.1826, 233
-144.04, -22.8609, 239
-130.728, -31.5826, 227
-126.25, -51.1304, 280

3.2001e+007, 3.2001e+007, 3.2001e+007
3.2001e+007, 3.2001e+007, 3.2001e+007
-147.295, -8.13913, 234
-143.728, -17.3696, 235
-125.437, -43.6304, 223
-122.116, -56.4, 282

-182.187, -59.913, 265
3.2001e+007, 3.2001e+007, 3.2001e+007
-152.143, 11.4783, 240
-144.951, -4.12174, 237
-118.527, -51.8478, 225
-102.75, -54.8, 274

-179.143, -61.9826, 264
-167.161, 16.5, 253
-141.464, 22.287, 233
-126.696, 4.78261, 220
-107.714, -55.4783, 232
-96.1071, -61.2, 276

-172.187, -64.7652, 266
-159.884, 20.9826, 254
-124.723, 34.8478, 229
-111.455, 9.52174, 219
-92.625, -55.513, 228
-103.009, -37.4696, 278

-146.857, -54.7522, 257
-122.732, 36.0652, 237
-92.4107, 57, 230
-75.9375, 22.8261, 210
-55.25, -41.3174, 221
-72.5, -40.1739, 280

-126.438, -41.3913, 238
-113.839, 47.8261, 250
-79.3929, 67.1478, 234
-56.6429, 36.1739, 208
-22.7679, 0.886956, 204
-52.9821, -32.4, 276

-118.607, -35.2957, 246
-103.089, 58.9304, 251
-68.192, 76.6304, 235
-42.3036, 46.5739, 206
-7.5, 24.6522, 210
-41.5625, -16.1913, 266

-112.196, -30.7652, 244
-95.5447, 62.0348, 246
-61.3705, 79.0174, 233
-35.5179, 51.4435, 204
6.65625, 37.9696, 213
-38.2857, -13.9826, 268

-103.063, -21.7304, 238
-84.9643, 68.9565, 244
-54.7857, 87.2174, 236
-24.9509, 63, 207
18.7455, 53.8087, 221
-31.942, -2.30435, 265

-101.937, -13.1696, 233
-85.1607, 77.4826, 251
-49.5, 90.3913, 231
-17.8125, 74.8696, 210
27.7232, 62, 230
-25.9286, 1.14783, 264

-96.1071, -8.13913, 234
-79.7143, 83.0261, 248
-48.0491, 94.587, 229
-15.2857, 82.8087, 214
27.7411, 72.7391, 239
-22.308, 13.7217, 263

-96.5179, -2, 230
-83.9107, 90.5565, 254
-48.6786, 97.8435, 232
-16.2411, 85.6, 214
26.4643, 80.5435, 247
-22.3929, 14.9217, 264

-101.33, 1.01739, 234
-86.4063, 89.4783, 245
-49, 94.4696, 224
-21.3125, 89.6304, 217
17.2098, 88.2739, 257
-24.9375, 20.8174, 266

-105.058, 5.06522, 233
-83.5313, 87.3783, 231
-49.4375, 92.3652, 226
-22, 91.5478, 224
10.9286, 96.9739, 272
-24.75, 30.9913, 264

-103.071, 11.5826, 222
-80.0937, 88.1348, 233
-49.9286, 99.2783, 233
-27.5089, 100.983, 237
6.07143, 100.522, 272
-28.6071, 38.3087, 267

-103.071, 14.4783, 222
-57.7634, 92.7739, 227
-25.0714, 103.774, 234
10.2232, 87.6174, 229
37.1518, 34.2783, 219
-20.0357, 29.8435, 264

-92.6696, 10.2348, 214
-56.7455, 94.0478, 223
-20.8036, 101.304, 233
23.4375, 82.1739, 210
31.7143, 24.1304, 222
-22.308, 19.4391, 263

-90.5045, 7.26957, 209
-57.4821, 90.7304, 222
-19.6786, 101.878, 232
29.375, 70.2957, 188
30.7143, 13.087, 215
-25.4375, 30.4043, 259

-95.1384, 2.75217, 211
-54.7545, 92.1087, 223
-11.1964, 89.9609, 209
30.8884, 56.1, 187
27.3616, 5.92174, 227
-25.5357, 11.3043, 260

-89.8036, -0.930435, 214
-54.5, 91.9391, 218
-6.15625, 83.9391, 197
32.0357, 43.2, 184
27.125, -1.88696, 217
-11.7411, 19.4391, 263

-96.5357, -2.76522, 212
-55.4732, 88.1478, 218
-4.33036, 78.4435, 194
31.2143, 29.6, 184
23.8929, -10.6652, 223
-19.5045, 14.5261, 257

-98.1161, -8.68696, 222
-54.2009, 80.5696, 213
-3.17857, 39.4696, 178
18.2679, 6.46956, 186
23.25, -14.1522, 217
-29.3661, 2.2, 253

-103.92, -5.89565, 226
-48.9375, 67.0783, 203
-6.32143, 21.5478, 177
11.0848, -3.32174, 191
23.25, -11.3217, 217
-18.5714, -14.6957, 260

-103.125, -4.01739, 231
-54.6429, 57.6522, 204
-12.2545, 9.54783, 183
0, -15.4957, 198
20.7232, 2.75217, 211
-20.7321, -23.5565, 258

-101.571, -2.06087, 237
-56.7411, 50.8043, 205
-24.375, 1.69565, 195
-9.96875, -24.713, 203
23.2143, 17.1826, 208
-32.25, -31.4087, 258

-104.21, -1.0913, 251
-64.0714, 45.2174, 208
-45.9911, -13.1739, 202
-27.5759, -29.6348, 213
18.0937, 8.3913, 193
-30.4955, -46.2, 253

-102.509, 8.12609, 267
-68.7634, 42.2, 211
-58.8571, -17.913, 206
-43.125, -39.2609, 210
4.04018, -12.5913, 181
-24.4554, -41.1391, 249

-99.4196, 5.69565, 262
-69.9777, 45.4348, 209
-68.4643, -12.9652, 213
-47.5848, -31.8043, 209
-17.4821, -28.6348, 178
-36, -47.113, 252

-99.4375, 5.63043, 259
-66.2455, 47.2522, 209
-60.4018, -3.56522, 205
-50.1607, -27.6522, 212
-34.4643, -38.6, 193
-60.0982, -50.8, 254

-92.7545, 10.2913, 263
-64.9955, 55.0435, 211
-59.4286, 10.8522, 208
-51.25, -17.8261, 205
-52.6786, -47.8261, 200
-43.9286, -36.3652, 246

-91.0714, 16.5565, 272
-55.4107, 60.4783, 214
-52.5625, 25.5957, 203
-59.8125, -12.3565, 203
-66.4821, -50.5565, 204
-48.183, -27.2826, 251

-78.2857, 26.2087, 274
-43.192, 63.5652, 215
-43.3036, 43.8609, 194
-64.2857, -5.21739, 200
-74.7679, -52.5391, 212
-43.0045, -22.5522, 247

-69.2143, 30.7478, 272
-27.5759, 72.2348, 213
-29.7321, 52.4348, 180
-65.9509, 8.94348, 187
-73.9063, -50.4783, 215
-30.5536, -19.4957, 236

-65.7768, 37.4696, 278
3.2001e+007, 3.2001e+007, 3.2001e+007
-18.6429, 60.5217, 174
-59.1339, 15.5652, 179
-68.4643, -48.8348, 216
-36.5804, -17.813, 241

-68.6161, 36.8696, 265
3.2001e+007, 3.2001e+007, 3.2001e+007
-16.4062, 66.1957, 175
-55.3125, 16.1609, 177
-62.4643, -48.8522, 212
-36.4286, -16.6957, 240

-87.75, 30.6783, 252
-43.5759, 75.9956, 227
-24.5089, 73.9956, 183
-47.9286, 14.5391, 176
-50.1607, -48.8522, 212
-42.6563, -13.8478, 245

-128.562, 2.10435, 242
-100.714, 74.587, 235
-68.1964, 75.1565, 201
-51.1429, 24.9043, 179
-40.5045, -40.3652, 211
-59.625, -9.86087, 252

-138.214, -1.04348, 240
-115.714, 72, 240
-75.4107, 78.8174, 206
-50.6518, 23.0739, 183
-42.6161, -35.713, 222
-66.9643, -7.6087, 250

-141.027, 1.05652, 243
-122.652, 73.3478, 241
-80.8437, 67.487, 199
-51.7411, 12.3913, 190
-42.375, -30.4609, 226
-75.5893, -14.0739, 249

-145.964, -1.06087, 244
-125.879, 71.2522, 241
-80.5446, 58.2, 194
-53.5, -5.58261, 214
-46.2634, -15.7174, 241
-74.7768, -17.3913, 250

-145.848, -2.10435, 242
-131.804, 68.3913, 242
-79.2187, 52.5652, 195
-55.5759, -2.75217, 211
-41.7857, -11.1913, 234
-73.125, -14.2435, 252

-154.607, -10.1739, 234
-135.964, 57.287, 216
-71.4107, 40.4348, 186
-51.5268, 22.4957, 199
-46.2054, 14, 230
-78.2411, -4.41739, 254

-147.929, -17.0609, 218
-141.964, 50.6957, 212
-68.5491, 35.3913, 185
-49.3527, 27.0913, 201
-45.7411, 46.4435, 218
-86.2812, -8.73043, 251

-147.643, -24.887, 212
-133.375, 39.6435, 194
-71.3393, 31.8783, 188
-52.6786, 26.9565, 200
-53.7589, 58.1739, 223
-79.2411, -9.78261, 250

-139.563, -32.6565, 203
-130.781, 44.3739, 189
-66.9911, 25.4609, 183
-53.8393, 33.2087, 201
-60.7277, 67.8696, 223
-84.2679, -14.7304, 242

-140.705, -42.0956, 206
-114, 39.4435, 168
-63.8348, 24.3957, 181
-53.9196, 32.713, 198
-66.2946, 65.5435, 225
-76.0714, -16.6957, 240

-135.036, -47.587, 199
-92.5179, 27.987, 157
-64.5402, 18.3, 183
3.2001e+007, 3.2001e+007, 3.2001e+007
-68.6071, 64.8522, 226
-72.5536, -15.587, 239

-126.214, -55.8, 186
-70.3929, 15.8696, 146
-65.5268, 21.7913, 179
-59.1964, 34.7609, 195
-61.0714, 62.4522, 228
-62.6339, -22, 230

-110.804, -58.3913, 170
-60.2009, 8.82609, 145
-61.75, 20.5739, 182
-53.1429, 38.0087, 186
-48.8571, 62.4522, 228
-58.5179, -24.5652, 226

-90.6027, -60.2609, 165
-61.6875, 12.1435, 147
-59.933, 25.6826, 179
-50.9286, 42.4, 184
-38.8482, 59.7391, 229
-51.7679, -20.3609, 223

-68.8527, -55.9957, 159
-78.8304, 22.5391, 162
-63.8348, 28.3304, 181
-51.4687, 42.7304, 189
-26.5804, 59.7391, 229
-39.1741, -21.5217, 225

-53.6071, -59.0783, 158
-99.75, 29.9478, 168
-67.1429, 35.9652, 188
-49.4554, 48.9957, 191
-11.9464, 55.2652, 223
-32.8527, -21.3304, 223

-50.8393, -63.0783, 156
-104.732, 27.3478, 170
-73.2366, 45.313, 193
-53.5714, 49.5652, 200
-5.83929, 50.2348, 218
-33.3929, -28.6957, 220

-46.9598, -66.213, 157
-107.879, 26.4609, 179
-80.2589, 53.5739, 202
-55.1786, 52.8435, 206
4.77679, 42.8, 214
-32.7054, -27.0261, 222

-49.1786, -71.8435, 162
-114.143, 22.887, 188
-80.7589, 51.5609, 201
-51.0714, 52.4522, 208
9.59822, 38.3261, 215
-31.7143, -35.713, 222

-54.1786, -79.1478, 164
-116.317, 17.6217, 193
-80.7857, 48.8348, 208
-50.8705, 51.413, 215
15.4821, 25.7217, 204
-30, -38.9565, 224

-62.8571, -85.7043, 176
-118.286, 9, 207
-89, 40.9043, 224
-49.3304, 43.2391, 221
13.9286, 5.08696, 195
-26.0045, -47.613, 233

-87.9464, -89.9348, 197
-129.04, -2.04348, 235
-90.5893, 32.713, 228
-53, 36.0348, 224
3.39286, -29.7391, 190
-34.7143, -62.3348, 243

-103.071, -83.2, 208
-124.312, -4.13913, 238
-85.6607, 33.5739, 234
-52.2902, 29.787, 221
-5.22321, -45.7826, 195
-39.375, -71.3696, 245

-116.42, -82.6348, 221
-132.804, 3.49565, 268
-87.4643, 35.5826, 248
-52, 25.3217, 224
-12.5357, -55.4087, 216
-43.875, -64.6435, 252

-127.482, -72.6, 242
-123, 7.48696, 287
-83.4286, 37.8435, 256
-51.683, 19.7391, 227
-21.6071, -66, 220
-54.9732, -67.2087, 262

-132.5, -56.4565, 265
-107.5, 20.9391, 301
-76.8973, 44.9348, 265
-45.3839, 11.5304, 221
-24.5357, -66.7087, 229
-51.1875, -62.9087, 273

-127.232, -38.413, 285
-88.9464, 36.9435, 293
-69.0089, 48.9826, 262
-48, 7.7913, 224
-30.5, -61.5304, 244
-51.25, -52.3478, 280

-121.58, -18.6261, 306
-89.433, 58.5, 299
-70.7143, 38.6087, 240
-44.3929, 6.87826, 226
-27.4286, -10.0174, 256
-47.7366, -28.9, 289

-112.143, -4.09565, 314
-85.2455, 66.913, 285
-63.6161, 34.7826, 250
-44.25, 13.3391, 236
-21.6071, 21.0435, 242
-45.2321, -14.2522, 298

-104.062, 6.84783, 315
-87.1875, 65.5043, 279
-61, 32.887, 244
-36.4286, 29.2174, 240
-11.0714, 44.2087, 248
-36.875, -5.13043, 295

-79.9018, 23.2087, 314
-70.8036, 65.5652, 260
-50.1071, 41.3739, 244
-28.0893, 42.087, 242
8.64286, 59.9739, 242
-29.6741, 2.51304, 289

-66.9643, 41.7391, 300
-49.3036, 74.2087, 251
-21.0357, 61.4609, 248
-4.48214, 69.8435, 251
44.7277, 66.8609, 233
-7.44643, 13.2957, 278

-62.3571, 44.2826, 291
-42.8304, 79.1478, 246
-12.4732, 70.6783, 254
8.46429, 77.2826, 237
47.4196, 74.6783, 226
-2.44643, 27.4, 274

-73.0179, 50.2696, 282
-40.6339, 85.5652, 246
-9.07143, 81.7217, 254
11.4911, 86.4783, 234
53.3929, 79, 230
-2.42857, 24.8348, 272

-72.7589, 51.313, 281
-37.3437, 92.4826, 239
-5.42411, 84.5217, 243
12.0312, 99.0652, 245
58.2723, 83.6348, 229
4.82143, 30.5217, 270

-79.5357, 42.1478, 262
-40.8839, 97.4478, 241
3.2001e+007, 3.2001e+007, 3.2001e+007
10.8929, 103.965, 244
55.4464, 83, 230
3.57589, 34.8261, 267

-87.817, 34.6435, 249
-47.8125, 104.217, 255
-13.8214, 109.93, 258
9.25, 110.357, 259
52.2455, 94.187, 249
-1.18304, 33.413, 265

-91.1518, 31.3957, 249
-51.2277, 104.217, 255
-20.0357, 119.374, 264
3.2001e+007, 3.2001e+007, 3.2001e+007
51.1339, 92.0217, 249
8.03125, 39.1087, 257

-88.2232, 31.4348, 241
-53.2946, 112.643, 254
-17.8125, 117.965, 266
5.80357, 120.957, 260
52.6652, 94.9435, 251
7.01786, 42.1478, 262

-78.7188, 22.9, 229
-47.9911, 106.522, 250
-14.3571, 115.357, 268
13.0625, 114.496, 266
61.625, 95.2, 238
2.32143, 39.5652, 260

-67.5982, 21.6174, 226
-40.6607, 106.7, 253
-9.5, 116.809, 266
23.3929, 110.496, 262
69.0937, 85.3696, 231
11.5179, 39.2609, 258

-66.7009, 19.3913, 223
-38.25, 106.278, 252
-1.15625, 109.23, 259
32.3661, 106.522, 250
76.6563, 75.6261, 223
19.4286, 35.6174, 256

-54.5089, 16.4087, 222
-27.6786, 104.591, 248
10.125, 111.757, 252
43.9286, 94.9565, 240
76.3304, 58.2174, 206
26.0804, 40.8609, 254

-49.3304, 14.413, 221
-22.2321, 98.5174, 249
21.1205, 107.178, 249
57, 85.2522, 228
78.4554, 35.1304, 202
32.8839, 27.6087, 254

-43.9955, 13.3304, 219
-11.3839, 99.7826, 255
30.5536, 102.609, 236
67.7679, 71.7391, 220
75, 15.5217, 210
36.2857, 18.7739, 254

-39.1071, 7.61739, 219
-5.55804, 94.187, 249
44.1964, 89.913, 220
74.7321, 45.3913, 180
71.9464, -7.98261, 204
29.3661, 14.3, 253

-43, 5.84348, 224
5.625, 93.1304, 252
50.4911, 77.1522, 195
71.9196, 20.2348, 179
72.0179, -18.9565, 218
46.4911, -1.10435, 254

-37.7679, 6.13043, 235
11.8839, 86.2783, 242
43.5357, 41.6, 184
61.942, 2.41304, 185
68.3571, -31.2696, 232
40.5, -16.4348, 252

-36.2768, 2.07826, 239
7.625, 75.3217, 244
36.9643, 17.6, 184
55.6875, -15.4957, 198
63.2812, -32.2826, 225
40, -25.6, 256

-39.8571, 2.15652, 248
4.33929, 68.6739, 243
34.125, 3.4087, 196
47.125, -27.3609, 203
66, -30.1913, 224
42.2857, -34.5044, 256

-46.8571, -7.7913, 256
-3.10714, 44.3826, 232
27.4464, -13.8261, 212
41.0804, -34.4261, 214
54.375, -28.3043, 210
27.9643, -39.7174, 261

-49.6875, -16.1304, 265
-10.4464, 19.3304, 234
13.5223, -19.2478, 233
29.9063, -32.1391, 231
44.5982, -25.0957, 222
25.5938, -49.8522, 273

-59.0625, -22.3043, 270
-24.0625, 7.45652, 245
3.28125, -19.1739, 245
21.6964, -29.5826, 243
37.9286, -16.4174, 236
12.8571, -53.8435, 288

-105.33, -18.5522, 251
-135.911, -3.36522, 258
-109.263, -1.19565, 275
-100.888, 14.5565, 279
-79.308, 46.3435, 323
-82.442, -31.3, 313

-126.723, -17.3217, 249
-165.214, 12.2913, 257
-141.429, 25.2522, 264
-128.437, 36.9304, 274
-91.1161, 53.2435, 314
-101.25, -26.0217, 315

-130.688, -16.0435, 246
-179.143, 22.9565, 264
-157.339, 47.5956, 267
-136.768, 51.6, 276
-93.5, 60.2609, 308
-105.857, -21.7043, 312

-141.906, -17.6652, 239
-187.835, 35.8696, 275
-166.179, 62.5304, 282
-136.138, 65.6739, 285
-82.4821, 71.2609, 298
-104.5, -10.713, 308

-142.375, -14.487, 238
-188.911, 44.4522, 284
-163.125, 74.3913, 290
-134.531, 79.8609, 287
-73.5357, 77.7913, 284
-102.455, -3.9913, 306

-142.5, -13.5652, 240
-178.094, 52.4087, 287
-150.424, 85.3522, 293
-118.696, 94.2391, 289
-59.1696, 87.0522, 282
-93.3348, 7.90435, 303

-147.25, -8.62609, 248
-170.625, 67.7478, 294
-140.437, 98.4261, 294
-107.625, 104.817, 294
-49.1071, 90.8696, 275
-79.0179, 9.13044, 300

-138.375, 1.09565, 252
-151.661, 79.0348, 298
-123.964, 115.304, 312
-86.3304, 112.104, 293
-24.8437, 92.1739, 265
-67.4107, 30.2, 302

-131.942, 8.93913, 257
-135.241, 85.2261, 297
-100.446, 113.478, 300
-68.0179, 117.2, 293
-13.9286, 89.3043, 260
-58.7321, 33.8, 299

-130.897, 17.5435, 269
-119.991, 98.4783, 302
-80.8929, 118.174, 302
-50.317, 118.113, 289
-2.19643, 80.2174, 246
-54.5446, 29.8, 298

-118.446, 25.6348, 268
-105.469, 106.826, 315
-63.5759, 121.2, 303
3.2001e+007, 3.2001e+007, 3.2001e+007
6.42857, 63.6522, 240
-36.875, 29.5, 295

-93.2054, 44.7652, 286
-68.6875, 111.948, 314
-25.8036, 124.396, 289
8.5, 95.2, 238
11.3839, 29.9348, 255
-22.4643, 37.3217, 296

-90.75, 54.9043, 308
-51.75, 119, 322
-14.0893, 116.635, 263
11.3438, 70.3043, 231
10.3259, 21.2304, 257
-10.5357, 37.1956, 295

-80.6071, 55.3391, 296
-38.2098, 122.665, 317
-9.32143, 112.343, 261
7.85714, 57.3913, 220
10.5268, 15.9478, 262
-10.5357, 37.1956, 295

-73.0446, 57.9652, 303
-26.5491, 121.117, 313
-8.0625, 104.322, 258
5.94643, 51.1565, 222
11.6518, 13.6174, 261
-10.4643, 33.1217, 293

-63.8661, 59.4956, 311
-21.0268, 105.122, 314
-7.59375, 95.087, 243
0, 38.5043, 216
8.03125, 11.1739, 257
-6.51786, 27.9304, 292

-58.6875, 66.6826, 313
-15.3214, 111.339, 264
-12.1875, 68.4783, 210
-3.85714, 32.8696, 216
12.375, 10.9565, 252
-6.38393, 14.9217, 286

-51.9107, 57.2087, 306
3.2001e+007, 3.2001e+007, 3.2001e+007
-10.4107, 51.6174, 212
1.9375, 24.5304, 217
19.8482, 17.2957, 234
3.69643, 9.6, 276

-54.1071, 54.013, 303
-22.3125, 93.1304, 238
-9.95536, 47.5087, 223
5.83929, 33.1739, 218
34.6071, 34.6957, 228
8.65625, 12.0435, 277

-41.2946, 1.08696, 250
-45.7902, 41.1652, 263
-14.9464, 49.7348, 279
10.0446, 54.3478, 250
45.7679, 43.5609, 233
0, -2.53043, 291

-52.1607, -14.3565, 254
-49.875, 60.0783, 294
-11.25, 69.3913, 280
15.4375, 65.9217, 266
30.0357, 32.2783, 232
-5.28571, -11.5826, 296

-55.3571, -20.487, 248
-48.8929, 57.913, 296
-8.75, 70.6087, 280
11.7411, 62.8913, 263
26.5625, 23.8, 238
5.10714, -9.94783, 286

-59.3884, -25.1, 251
-47.8125, 54.5478, 306
-6.40625, 71.1261, 287
10.6875, 61.2957, 266
17.5313, 16.0696, 231
-2.60714, -15.2348, 292

-60.9911, -30.8, 253
-49.6607, 48.3652, 309
-10.5, 70.3043, 294
0, 54.3261, 255
15.4688, 15.0652, 231
-7.84821, -26.7522, 293

-66.6964, -29.2304, 249
-54.4955, 47.6304, 313
-15.4286, 70.1217, 288
-12.8036, 40.5261, 239
22.2188, 23.7, 237
-6.49554, -31.6304, 291

-63.6161, -29.3478, 250
-54.4955, 50.3522, 313
-29.8929, 67.9304, 279
-17.7589, 32.5565, 234
25.2411, 33.5217, 257
-9.0625, -31.5217, 290

-69.7143, -24.487, 256
3.2001e+007, 3.2001e+007, 3.2001e+007
-43.5268, 55.4348, 250
-22.8839, 36.4696, 233
30.4955, 33, 253
-11.5714, -32.5565, 288

-68.8393, -18.9957, 257
-46.0848, 52.1609, 279
-49.9375, 42.4261, 238
-21.4688, 36.8391, 229
33.6607, 32.7826, 260
-10.1786, -35.9348, 285

-68.3036, -18.8478, 255
-45.8036, 55.7609, 285
-50.6696, 31.5826, 227
-22.3929, 38.6609, 228
37.5714, 35.4478, 263
-10.1429, -32.1044, 284

-67.4286, -11.1304, 256
-47.1607, 60.4348, 278
-51.4554, 24.5652, 226
-23.308, 41.4522, 227
48.7589, 34.2348, 254
-12.6786, -32.1044, 284

-70.5312, 6.75652, 259
-62.3616, 36.8391, 229
-41.6562, 9.43478, 217
-14.5982, 41.7043, 218
56.2366, 46.1783, 247
-4.85714, -18.9217, 272

-73.1429, 12.2435, 256
-62.5536, 28.4957, 226
-40.3571, 15.7217, 226
-14.8661, 40.5391, 222
52.9018, 50.4913, 237
-8.59375, -15.5435, 275

-77.1696, 15.7043, 258
-62.1429, 29.2522, 232
-35.3661, 33.4304, 233
-15.25, 45.6174, 244
49.2187, 55.7609, 225
-5.9375, -8.09565, 266

-77.0089, 22.8261, 250
-60.0714, 32.2783, 232
-28.0848, 47.613, 233
-8.21429, 59, 230
38.9866, 60.1957, 213
-4.71429, 3.44348, 264

-82.5893, 28.2609, 250
-56.4107, 39.6783, 234
-27.7411, 71.7, 239
-7.1875, 79, 230
28.9241, 62.7, 209
-8.3125, 6.93913, 266

-84.2411, 34.3696, 255
-54.3214, 50.8696, 234
-28.0848, 85.0957, 233
-10.2232, 93.5913, 229
15.4063, 57.3696, 203
-10.8482, 19.9565, 270

-82.5, 34.4348, 240
-55.6875, 55.2391, 231
-29.5, 95.4261, 236
-10.2679, 100, 230
6.21875, 49.3174, 199
-14.625, 27.3, 273

-83.8036, 40.8087, 247
-56.9643, 63.5478, 232
-31.0714, 106.435, 240
-12.375, 98.4261, 231
-3.78571, 36.8696, 212
-24.1071, 22.3043, 270

-88.9286, 48.7174, 249
-65.3571, 81.3913, 240
-37.2723, 112.2, 253
-19.3393, 96.1565, 228
-15.7857, 26.9043, 221
-28.442, 38.5391, 277

-92.2634, 56.2957, 249
-75.1562, 96.8435, 259
-51.6384, 116.957, 269
-30.2679, 91.3826, 226
-17.9866, 19.5783, 237
-33.0804, 37.1739, 285

-93.7277, 50.4739, 247
-86.2143, 101.704, 272
-58.2589, 104.4, 261
-33.3929, 58.3478, 220
-18.2902, 24.1, 241
-41.692, 25.8391, 283

-104.107, 47.2391, 265
-91.2679, 98.2435, 269
3.2001e+007, 3.2001e+007, 3.2001e+007
-40.5357, 44.413, 227
-20.2723, 41.5652, 239
-42.7232, 23.9565, 290

-108.875, 36.1217, 268
-95.1786, 90.4348, 260
-66.2946, 78.2609, 225
-44.3929, 49.1304, 226
-10.8482, 82.4087, 243
-44.625, 28.1217, 294

-111.312, 3.57391, 274
-100.179, 59.8696, 255
-75.6518, 40.8217, 229
-46.1607, 67.4348, 235
13.6518, 61.6435, 278
-42.9554, -8.61304, 283

-115.402, -8.36957, 275
-95.6964, 38.4956, 233
-71.9509, 57.2435, 227
-38.8929, 61.0261, 242
18.2812, 49.8522, 273
-33.75, -21.913, 280

-105.625, -19.2174, 260
-95.4688, 28.6087, 235
-65.6295, 62.8696, 241
-31.875, 59.8696, 255
24.4687, 39.7174, 261
-30, -32.8696, 280

-102.906, -25.9, 259
-89.7188, 23.1, 231
-60.2679, 64.1304, 250
-21.8839, 58.3304, 258
32.4955, 29.4652, 251
-25.7813, -41.8478, 275

-104, -35.6174, 256
-80.4107, 35.0348, 237
-45.8929, 64.8087, 257
-10.125, 55.8783, 252
31.8571, 19.3913, 223
-22.817, -39.7652, 269

-101.317, -34.3696, 255
-62.8571, 47.8609, 256
-19.5804, 62.8174, 258
6, 45.7739, 224
6.75, -23.0087, 189
-22.5625, -45.1043, 266

-106.071, -29.3478, 270
-55.7143, 52, 260
-12.0804, 63.1043, 246
2.69196, 30.587, 201
-10.8214, -49.1826, 202
-27.2098, -49.5435, 265

-106.071, -16.4348, 270
-48, 58.9913, 256
-6.26786, 67.1478, 234
1.6875, 18.0783, 189
-7.10714, -47.587, 199
-30.2946, -40.8522, 261

-98.933, -8.12609, 267
-42.2857, 66.7826, 256
-7.78571, 70.1391, 218
2.41071, 10.1739, 180
20.8705, -13.8217, 187
-22.0536, -38.4348, 260

-94.2857, 4.5913, 264
-36.8839, 71.8435, 243
-12.3125, 59.9565, 197
5.625, 7.04348, 180
45.5, 19.8957, 208
-19.5045, -25.7, 257

-86.5179, 9.97826, 255
-40.567, 78.0043, 233
-12.125, 56.513, 194
15.7768, 29.9217, 186
53.2768, 34.5913, 221
-15.875, -22.087, 254

-79.3929, 20.4043, 247
-34.8527, 78.8957, 211
0, 58.9217, 176
27.2634, 59.9565, 197
59.5, 45.5304, 238
-10.0446, -15.2174, 250

-71.3036, 29.4609, 242
-24.2277, 78.6522, 201
9.96429, 71.9739, 186
34.3571, 76.8696, 208
63.3482, 56.087, 258
-5.51339, 1.07391, 247

-57.75, 45.1957, 231
-8.11607, 87.8261, 202
19.375, 92.4609, 217
41.4286, 91.7913, 232
79.2321, 60.1435, 261
9.80357, 7.42609, 244

-49, 49.6696, 224
-10.2634, 88.1435, 209
18.5759, 93.313, 219
43.5, 90.7826, 232
86.3839, 57.2087, 258
21.7857, 13.7913, 244

-45.7411, 50.2348, 218
-4.75446, 89.8304, 213
26.1161, 102.757, 234
48.6786, 90.7826, 232
89.5536, 56.4348, 236
18.7455, 13.9609, 247

-49.8616, 50.4652, 219
-2.02679, 93.7609, 227
29.25, 101.739, 234
53.1607, 87.6174, 229
88.6027, 57.2043, 223
19.8482, 18.2565, 247

-52.0714, 51.6522, 216
3.17411, 104.074, 237
38.5714, 101.217, 240
56.5, 86.4696, 226
75.0357, 51.487, 191
17.7143, 26.9565, 248

-64.5714, 52.0783, 226
8.67857, 105.652, 243
42.1429, 99.5304, 236
57.2232, 83.5957, 221
49.4286, 36.8565, 173
20.6116, 15.8478, 243

-71.9464, 51.5217, 237
-1.12054, 102.583, 251
34.6071, 96.1565, 228
41.8929, 78.9391, 204
24.4955, 22.3174, 177
8.78572, 18.1826, 246

-74.5446, 46.2, 253
-14.683, 103.4, 253
6.24107, 83.0696, 233
14.1429, 71.1652, 176
21.9375, 32.4435, 182
0, 22.3696, 245

-80.4598, 46.7826, 269
-29.25, 102.991, 252
-13.6384, 96.0435, 235
-6.57143, 61.6, 184
41.7857, 61.8913, 195
-14.4509, 16.2391, 249

-82.5536, 39.6, 276
-53.5045, 90.913, 255
-35.7143, 87.8261, 200
-11.625, 71.1652, 186
41.6875, 65.313, 203
-19.2009, 22, 253

-91.8393, 33.8435, 278
-66.7187, 84.1522, 245
-49.5982, 77.287, 202
-13.6429, 76.4, 191
39.2857, 66, 220
-24.8482, 16.5, 253

-127.371, -42.1522, 277
-91.0714, 55.5826, 272
-53.0848, 75.9, 253
-25.6696, 70.6522, 250
22.3125, 41.3913, 238
-35.8571, -18.5522, 251

-128.607, -46.9696, 277
-99.6429, 53.3739, 279
-60.125, 73.1957, 259
-28.5536, 68.4522, 246
24.3348, 40.187, 237
-26.7857, -20.6522, 250

-128.75, -51.1304, 280
-99.2857, 51.9739, 278
-57.1473, 70.9348, 251
-27.3438, 66.0435, 245
23.2768, 38.1261, 237
-29.1339, -33.8304, 251

-128.411, -53.9478, 282
-103.5, 52.8, 276
-65.75, 70.8957, 263
-33.4821, 67.3913, 250
18.0625, 37.2522, 238
-32.4955, -31.6478, 251

-126.911, -54, 276
-97.0803, 48.9826, 262
-60.5714, 71.2348, 256
-29.4107, 64.713, 244
20.1027, 39.1565, 237
-27.567, -33.2913, 247

-128.906, -59.7826, 275
-99, 48.2087, 264
-63.5, 70.6783, 254
-32.4107, 66.287, 242
18.9643, 40.0174, 236
-27.4554, -32.087, 246

-134.531, -49.913, 287
-99.4196, 51.2609, 262
-64.2143, 73.3217, 248
-34.8571, 72.1391, 244
19.8482, 42.7304, 234
-28.3214, -28.6435, 244

-128.143, -49.2, 276
-96.75, 52.7217, 258
-60.2679, 76.087, 250
-33.7143, 70.8, 236
22.0312, 43.9348, 235
-27.0089, -26.3043, 242

-127.214, -48.8435, 274
-100.982, 57.6522, 260
-60.6473, 78.3956, 247
-30.683, 73.1609, 237
22.9821, 46.8, 234
-24.6429, -24, 240

-128.906, -47.8261, 275
-97.125, 59.6826, 259
-62.5982, 80.2174, 246
-29.125, 76.9913, 233
23.8214, 47.4087, 232
-27.9732, -20.9565, 241

-127.969, -43.9174, 273
-97.5223, 61.4565, 257
-61, 81.687, 244
-29.5, 75.9304, 236
23.6161, 47, 230
-28.0893, -29.4609, 242

-124.429, -43.113, 268
-99.4196, 61.513, 262
-60.4018, 85.5652, 246
-30.4241, 77.6522, 235
24.75, 47.2043, 231
-27.9732, -27.2435, 241

-125.156, -41.7913, 267
-97.5223, 62.5739, 257
-60.1563, 82.0217, 245
-33.4286, 78.3391, 234
21.5625, 51, 230
-30, -15.6522, 240

-129.661, -36.9304, 274
-99.4375, 63.0609, 259
-62.3438, 83.087, 245
-33.2857, 78.0043, 233
20.3571, 52.5391, 228
-31.0714, -14.6087, 240

-128.496, -37.4261, 269
-99.817, 62.5739, 257
-65.058, 85.913, 247
-34.7679, 80.0348, 236
17.6071, 53.4609, 232
-37.9688, -20.0739, 243

-130.897, -35.087, 269
-100.205, 65.0609, 258
-62.9196, 83.4652, 243
-35.3661, 80.0304, 233
19.3393, 54.5217, 228
-32.2768, -20.9565, 241

-131.384, -38.7391, 270
-102.143, 65.5652, 260
-62.5982, 86.6348, 246
-33.1429, 79.687, 232
19.3393, 54.5217, 228
-34.5714, -17.887, 242

-133.299, -36.2565, 269
-98.6518, 61.8435, 254
-60.1563, 86.2826, 245
-30.1652, 82.0565, 233
19.3393, 54.5217, 228
-32.2768, -18.8609, 241

-124.929, -33.287, 264
-98.6518, 62.9478, 254
-59.9107, 88.0522, 244
-27.1607, 81.3913, 234
21.6563, 54.2348, 231
-36.8839, -20.0739, 243

-126.804, -33.1609, 263
-97.5179, 65.1565, 254
-62.0893, 86.9913, 244
-28.0848, 81.0435, 233
23.7188, 53.2304, 231
-25.3929, -21.6391, 237

-123.281, -32.0174, 263
-97.875, 65.7391, 252
-61.8348, 85.5783, 243
-25.8929, 81.7043, 232
25.4464, 54.5217, 228
-26.5625, -11.3826, 238

-121.643, -28.4783, 262
-92.25, 69.0261, 252
-50.1473, 87.287, 239
-17.3036, 81.287, 228
29.3884, 56.2565, 227
-27.9732, -11.5261, 241

-122.107, -26.3, 263
-90.4018, 69.5652, 250
-50.9866, 89.8044, 243
-18.6429, 83.7217, 232
32.7143, 57.7478, 229
-21.25, -14.487, 238

-122.571, -25.2522, 264
-89.6786, 71.1652, 248
-49.2857, 86.6087, 240
-18.4018, 81.6435, 229
36.6429, 57.4956, 228
-14.75, -17.4435, 236

-117.937, -25.9, 259
-86.3571, 66.8522, 248
-49.0804, 86.2478, 239
-17.3795, 82.6391, 229
34.4554, 58.2304, 227
-20.1027, -14.4261, 237

